image_name;oiv;sporulation;densite_sporulation;necrose;surface_necrosee;taille_necrose;ligne;colonne;experiment;sheet
Exp22DM08-Inoc1-T3-P1;9.0;0.0;;1.0;9.0;7.0;a;1;Exp22DM08_inoc1_saisie_V2;Fichier total
Exp22DM08-Inoc1-T3-P1;9.0;0.0;;1.0;9.0;7.0;b;1;Exp22DM08_inoc1_saisie_V2;Fichier total
Exp22DM08-Inoc1-T3-P1;9.0;0.0;;1.0;9.0;7.0;c;1;Exp22DM08_inoc1_saisie_V2;Fichier total
Exp22DM08-Inoc1-T3-P1;9.0;0.0;;1.0;9.0;7.0;a;2;Exp22DM08_inoc1_saisie_V2;Fichier total
Exp22DM08-Inoc1-T3-P1;9.0;0.0;;0.0;;;b;2;Exp22DM08_inoc1_saisie_V2;Fichier total
Exp22DM08-Inoc1-T3-P1;9.0;0.0;;0.0;;;c;2;Exp22DM08_inoc1_saisie_V2;Fichier total
Exp22DM08-Inoc1-T3-P1;9.0;0.0;;1.0;9.0;7.0;a;3;Exp22DM08_inoc1_saisie_V2;Fichier total
Exp22DM08-Inoc1-T3-P1;9.0;0.0;;1.0;9.0;7.0;b;3;Exp22DM08_inoc1_saisie_V2;Fichier total
Exp22DM08-Inoc1-T3-P1;9.0;0.0;;1.0;9.0;7.0;c;3;Exp22DM08_inoc1_saisie_V2;Fichier total
Exp22DM08-Inoc1-T3-P1;9.0;0.0;;1.0;9.0;9.0;a;4;Exp22DM08_inoc1_saisie_V2;Fichier total
Exp22DM08-Inoc1-T3-P1;9.0;0.0;;1.0;9.0;9.0;b;4;Exp22DM08_inoc1_saisie_V2;Fichier total
Exp22DM08-Inoc1-T3-P1;9.0;0.0;;1.0;9.0;7.0;c;4;Exp22DM08_inoc1_saisie_V2;Fichier total
Exp22DM08-Inoc1-T3-P2;9.0;0.0;;1.0;7.0;9.0;a;1;Exp22DM08_inoc1_saisie_V2;Fichier total
Exp22DM08-Inoc1-T3-P2;9.0;0.0;;1.0;7.0;9.0;b;1;Exp22DM08_inoc1_saisie_V2;Fichier total
Exp22DM08-Inoc1-T3-P2;9.0;0.0;;1.0;5.0;9.0;c;1;Exp22DM08_inoc1_saisie_V2;Fichier total
Exp22DM08-Inoc1-T3-P2;9.0;0.0;;1.0;9.0;9.0;a;2;Exp22DM08_inoc1_saisie_V2;Fichier total
Exp22DM08-Inoc1-T3-P2;9.0;0.0;;0.0;;;b;2;Exp22DM08_inoc1_saisie_V2;Fichier total
Exp22DM08-Inoc1-T3-P2;9.0;0.0;;1.0;9.0;9.0;c;2;Exp22DM08_inoc1_saisie_V2;Fichier total
Exp22DM08-Inoc1-T3-P2;9.0;0.0;;0.0;;;a;3;Exp22DM08_inoc1_saisie_V2;Fichier total
Exp22DM08-Inoc1-T3-P2;9.0;0.0;;1.0;7.0;9.0;b;3;Exp22DM08_inoc1_saisie_V2;Fichier total
Exp22DM08-Inoc1-T3-P2;9.0;0.0;;1.0;9.0;9.0;c;3;Exp22DM08_inoc1_saisie_V2;Fichier total
Exp22DM08-Inoc1-T3-P2;9.0;0.0;;1.0;9.0;9.0;a;4;Exp22DM08_inoc1_saisie_V2;Fichier total
Exp22DM08-Inoc1-T3-P2;9.0;0.0;;1.0;7.0;7.0;b;4;Exp22DM08_inoc1_saisie_V2;Fichier total
Exp22DM08-Inoc1-T3-P2;9.0;0.0;;1.0;7.0;7.0;c;4;Exp22DM08_inoc1_saisie_V2;Fichier total
Exp22DM08-Inoc1-T3-P3;9.0;0.0;;1.0;9.0;7.0;a;1;Exp22DM08_inoc1_saisie_V2;Fichier total
Exp22DM08-Inoc1-T3-P3;9.0;0.0;;1.0;7.0;7.0;b;1;Exp22DM08_inoc1_saisie_V2;Fichier total
Exp22DM08-Inoc1-T3-P3;9.0;0.0;;1.0;7.0;9.0;c;1;Exp22DM08_inoc1_saisie_V2;Fichier total
Exp22DM08-Inoc1-T3-P3;9.0;0.0;;1.0;9.0;9.0;a;2;Exp22DM08_inoc1_saisie_V2;Fichier total
Exp22DM08-Inoc1-T3-P3;9.0;0.0;;1.0;9.0;9.0;b;2;Exp22DM08_inoc1_saisie_V2;Fichier total
Exp22DM08-Inoc1-T3-P3;9.0;0.0;;1.0;9.0;9.0;c;2;Exp22DM08_inoc1_saisie_V2;Fichier total
Exp22DM08-Inoc1-T3-P3;7.0;1.0;7.0;1.0;9.0;9.0;a;3;Exp22DM08_inoc1_saisie_V2;Fichier total
Exp22DM08-Inoc1-T3-P3;9.0;0.0;;1.0;9.0;7.0;b;3;Exp22DM08_inoc1_saisie_V2;Fichier total
Exp22DM08-Inoc1-T3-P3;9.0;0.0;;1.0;7.0;7.0;c;3;Exp22DM08_inoc1_saisie_V2;Fichier total
Exp22DM08-Inoc1-T3-P3;9.0;0.0;;1.0;9.0;7.0;a;4;Exp22DM08_inoc1_saisie_V2;Fichier total
Exp22DM08-Inoc1-T3-P3;9.0;0.0;;1.0;9.0;7.0;b;4;Exp22DM08_inoc1_saisie_V2;Fichier total
Exp22DM08-Inoc1-T3-P3;9.0;0.0;;1.0;9.0;7.0;c;4;Exp22DM08_inoc1_saisie_V2;Fichier total
Exp22DM08-Inoc1-T3-P4;9.0;0.0;;1.0;7.0;7.0;a;1;Exp22DM08_inoc1_saisie_V2;Fichier total
Exp22DM08-Inoc1-T3-P4;9.0;0.0;;1.0;7.0;7.0;b;1;Exp22DM08_inoc1_saisie_V2;Fichier total
Exp22DM08-Inoc1-T3-P4;9.0;0.0;;1.0;9.0;7.0;c;1;Exp22DM08_inoc1_saisie_V2;Fichier total
Exp22DM08-Inoc1-T3-P4;9.0;0.0;;1.0;7.0;9.0;a;2;Exp22DM08_inoc1_saisie_V2;Fichier total
Exp22DM08-Inoc1-T3-P4;9.0;0.0;;1.0;7.0;9.0;b;2;Exp22DM08_inoc1_saisie_V2;Fichier total
Exp22DM08-Inoc1-T3-P4;9.0;0.0;;1.0;7.0;9.0;c;2;Exp22DM08_inoc1_saisie_V2;Fichier total
Exp22DM08-Inoc1-T3-P4;9.0;0.0;;0.0;;;a;3;Exp22DM08_inoc1_saisie_V2;Fichier total
Exp22DM08-Inoc1-T3-P4;9.0;0.0;;0.0;;;b;3;Exp22DM08_inoc1_saisie_V2;Fichier total
Exp22DM08-Inoc1-T3-P4;9.0;0.0;;0.0;;;c;3;Exp22DM08_inoc1_saisie_V2;Fichier total
Exp22DM08-Inoc1-T3-P4;7.0;1.0;9.0;1.0;7.0;7.0;a;4;Exp22DM08_inoc1_saisie_V2;Fichier total
Exp22DM08-Inoc1-T3-P4;9.0;0.0;;1.0;5.0;7.0;b;4;Exp22DM08_inoc1_saisie_V2;Fichier total
Exp22DM08-Inoc1-T3-P4;9.0;0.0;;1.0;7.0;7.0;c;4;Exp22DM08_inoc1_saisie_V2;Fichier total
Exp22DM08-Inoc1-T3-P5;9.0;0.0;;1.0;9.0;9.0;a;1;Exp22DM08_inoc1_saisie_V2;Fichier total
Exp22DM08-Inoc1-T3-P5;9.0;0.0;;1.0;9.0;7.0;b;1;Exp22DM08_inoc1_saisie_V2;Fichier total
Exp22DM08-Inoc1-T3-P5;9.0;0.0;;1.0;9.0;7.0;c;1;Exp22DM08_inoc1_saisie_V2;Fichier total
Exp22DM08-Inoc1-T3-P5;9.0;0.0;;1.0;7.0;7.0;a;2;Exp22DM08_inoc1_saisie_V2;Fichier total
Exp22DM08-Inoc1-T3-P5;9.0;0.0;;1.0;5.0;7.0;b;2;Exp22DM08_inoc1_saisie_V2;Fichier total
Exp22DM08-Inoc1-T3-P5;9.0;0.0;;1.0;5.0;7.0;c;2;Exp22DM08_inoc1_saisie_V2;Fichier total
Exp22DM08-Inoc1-T3-P5;9.0;0.0;;1.0;9.0;7.0;a;3;Exp22DM08_inoc1_saisie_V2;Fichier total
Exp22DM08-Inoc1-T3-P5;9.0;0.0;;1.0;9.0;7.0;b;3;Exp22DM08_inoc1_saisie_V2;Fichier total
Exp22DM08-Inoc1-T3-P5;9.0;0.0;;1.0;9.0;9.0;c;3;Exp22DM08_inoc1_saisie_V2;Fichier total
Exp22DM08-Inoc1-T3-P5;9.0;0.0;;0.0;;;a;4;Exp22DM08_inoc1_saisie_V2;Fichier total
Exp22DM08-Inoc1-T3-P5;9.0;0.0;;1.0;9.0;9.0;b;4;Exp22DM08_inoc1_saisie_V2;Fichier total
Exp22DM08-Inoc1-T3-P5;9.0;0.0;;0.0;;;c;4;Exp22DM08_inoc1_saisie_V2;Fichier total
Exp22DM08-Inoc1-T3-P6;9.0;0.0;;1.0;9.0;7.0;a;1;Exp22DM08_inoc1_saisie_V2;Fichier total
Exp22DM08-Inoc1-T3-P6;9.0;0.0;;1.0;9.0;7.0;b;1;Exp22DM08_inoc1_saisie_V2;Fichier total
Exp22DM08-Inoc1-T3-P6;9.0;0.0;;1.0;9.0;9.0;c;1;Exp22DM08_inoc1_saisie_V2;Fichier total
Exp22DM08-Inoc1-T3-P6;9.0;0.0;;0.0;;;a;2;Exp22DM08_inoc1_saisie_V2;Fichier total
Exp22DM08-Inoc1-T3-P6;9.0;0.0;;1.0;9.0;9.0;b;2;Exp22DM08_inoc1_saisie_V2;Fichier total
Exp22DM08-Inoc1-T3-P6;9.0;0.0;;1.0;9.0;7.0;c;2;Exp22DM08_inoc1_saisie_V2;Fichier total
Exp22DM08-Inoc1-T3-P6;9.0;0.0;;1.0;7.0;9.0;a;3;Exp22DM08_inoc1_saisie_V2;Fichier total
Exp22DM08-Inoc1-T3-P6;9.0;0.0;;1.0;9.0;9.0;b;3;Exp22DM08_inoc1_saisie_V2;Fichier total
Exp22DM08-Inoc1-T3-P6;9.0;0.0;;1.0;9.0;9.0;c;3;Exp22DM08_inoc1_saisie_V2;Fichier total
Exp22DM08-Inoc1-T3-P6;9.0;0.0;;1.0;9.0;9.0;a;4;Exp22DM08_inoc1_saisie_V2;Fichier total
Exp22DM08-Inoc1-T3-P6;9.0;0.0;;1.0;9.0;7.0;b;4;Exp22DM08_inoc1_saisie_V2;Fichier total
Exp22DM08-Inoc1-T3-P6;9.0;0.0;;1.0;9.0;9.0;c;4;Exp22DM08_inoc1_saisie_V2;Fichier total
Exp22DM08-Inoc1-T3-P7;9.0;0.0;;1.0;9.0;7.0;a;1;Exp22DM08_inoc1_saisie_V2;Fichier total
Exp22DM08-Inoc1-T3-P7;9.0;0.0;;1.0;9.0;9.0;b;1;Exp22DM08_inoc1_saisie_V2;Fichier total
Exp22DM08-Inoc1-T3-P7;9.0;0.0;;1.0;9.0;7.0;c;1;Exp22DM08_inoc1_saisie_V2;Fichier total
Exp22DM08-Inoc1-T3-P7;9.0;0.0;;1.0;9.0;9.0;a;2;Exp22DM08_inoc1_saisie_V2;Fichier total
Exp22DM08-Inoc1-T3-P7;9.0;0.0;;1.0;9.0;9.0;b;2;Exp22DM08_inoc1_saisie_V2;Fichier total
Exp22DM08-Inoc1-T3-P7;9.0;0.0;;1.0;9.0;9.0;c;2;Exp22DM08_inoc1_saisie_V2;Fichier total
Exp22DM08-Inoc1-T3-P7;9.0;0.0;;1.0;7.0;9.0;a;3;Exp22DM08_inoc1_saisie_V2;Fichier total
Exp22DM08-Inoc1-T3-P7;9.0;0.0;;1.0;7.0;9.0;b;3;Exp22DM08_inoc1_saisie_V2;Fichier total
Exp22DM08-Inoc1-T3-P7;9.0;0.0;;1.0;9.0;9.0;c;3;Exp22DM08_inoc1_saisie_V2;Fichier total
Exp22DM08-Inoc1-T3-P7;9.0;0.0;;1.0;9.0;9.0;a;4;Exp22DM08_inoc1_saisie_V2;Fichier total
Exp22DM08-Inoc1-T3-P7;9.0;0.0;;1.0;9.0;9.0;b;4;Exp22DM08_inoc1_saisie_V2;Fichier total
Exp22DM08-Inoc1-T3-P7;9.0;0.0;;1.0;9.0;9.0;c;4;Exp22DM08_inoc1_saisie_V2;Fichier total
Exp22DM08-Inoc1-T3-P8;9.0;0.0;;1.0;5.0;7.0;a;1;Exp22DM08_inoc1_saisie_V2;Fichier total
Exp22DM08-Inoc1-T3-P8;9.0;0.0;;1.0;5.0;7.0;b;1;Exp22DM08_inoc1_saisie_V2;Fichier total
Exp22DM08-Inoc1-T3-P8;9.0;0.0;;1.0;5.0;7.0;c;1;Exp22DM08_inoc1_saisie_V2;Fichier total
Exp22DM08-Inoc1-T3-P8;9.0;0.0;;1.0;5.0;5.0;a;2;Exp22DM08_inoc1_saisie_V2;Fichier total
Exp22DM08-Inoc1-T3-P8;9.0;0.0;;1.0;9.0;5.0;b;2;Exp22DM08_inoc1_saisie_V2;Fichier total
Exp22DM08-Inoc1-T3-P8;9.0;0.0;;1.0;7.0;7.0;c;2;Exp22DM08_inoc1_saisie_V2;Fichier total
Exp22DM08-Inoc1-T3-P8;9.0;0.0;;1.0;7.0;7.0;a;3;Exp22DM08_inoc1_saisie_V2;Fichier total
Exp22DM08-Inoc1-T3-P8;9.0;0.0;;1.0;7.0;7.0;b;3;Exp22DM08_inoc1_saisie_V2;Fichier total
Exp22DM08-Inoc1-T3-P8;9.0;0.0;;1.0;7.0;7.0;c;3;Exp22DM08_inoc1_saisie_V2;Fichier total
Exp22DM08-Inoc1-T3-P8;9.0;0.0;;1.0;9.0;9.0;a;4;Exp22DM08_inoc1_saisie_V2;Fichier total
Exp22DM08-Inoc1-T3-P8;9.0;0.0;;0.0;;;b;4;Exp22DM08_inoc1_saisie_V2;Fichier total
Exp22DM08-Inoc1-T3-P8;9.0;0.0;;0.0;;;c;4;Exp22DM08_inoc1_saisie_V2;Fichier total
Exp22DM08-Inoc1-T3-P9;9.0;0.0;;1.0;7.0;9.0;a;1;Exp22DM08_inoc1_saisie_V2;Fichier total
Exp22DM08-Inoc1-T3-P9;9.0;0.0;;1.0;5.0;9.0;b;1;Exp22DM08_inoc1_saisie_V2;Fichier total
Exp22DM08-Inoc1-T3-P9;9.0;0.0;;1.0;7.0;9.0;c;1;Exp22DM08_inoc1_saisie_V2;Fichier total
Exp22DM08-Inoc1-T3-P9;7.0;1.0;9.0;1.0;7.0;9.0;a;2;Exp22DM08_inoc1_saisie_V2;Fichier total
Exp22DM08-Inoc1-T3-P9;7.0;1.0;9.0;1.0;7.0;9.0;b;2;Exp22DM08_inoc1_saisie_V2;Fichier total
Exp22DM08-Inoc1-T3-P9;7.0;1.0;9.0;1.0;7.0;9.0;c;2;Exp22DM08_inoc1_saisie_V2;Fichier total
Exp22DM08-Inoc1-T3-P9;9.0;0.0;;1.0;9.0;9.0;a;3;Exp22DM08_inoc1_saisie_V2;Fichier total
Exp22DM08-Inoc1-T3-P9;9.0;0.0;;1.0;9.0;9.0;b;3;Exp22DM08_inoc1_saisie_V2;Fichier total
Exp22DM08-Inoc1-T3-P9;9.0;0.0;;1.0;9.0;9.0;c;3;Exp22DM08_inoc1_saisie_V2;Fichier total
Exp22DM08-Inoc1-T3-P9;9.0;0.0;;1.0;7.0;7.0;a;4;Exp22DM08_inoc1_saisie_V2;Fichier total
Exp22DM08-Inoc1-T3-P9;9.0;0.0;;1.0;7.0;7.0;b;4;Exp22DM08_inoc1_saisie_V2;Fichier total
Exp22DM08-Inoc1-T3-P9;9.0;0.0;;1.0;7.0;7.0;c;4;Exp22DM08_inoc1_saisie_V2;Fichier total
Exp22DM08-Inoc1-T3-P10;9.0;0.0;;1.0;5.0;5.0;a;1;Exp22DM08_inoc1_saisie_V2;Fichier total
Exp22DM08-Inoc1-T3-P10;9.0;0.0;;1.0;7.0;5.0;b;1;Exp22DM08_inoc1_saisie_V2;Fichier total
Exp22DM08-Inoc1-T3-P10;9.0;0.0;;1.0;7.0;5.0;c;1;Exp22DM08_inoc1_saisie_V2;Fichier total
Exp22DM08-Inoc1-T3-P10;9.0;0.0;;1.0;9.0;9.0;a;2;Exp22DM08_inoc1_saisie_V2;Fichier total
Exp22DM08-Inoc1-T3-P10;9.0;0.0;;1.0;9.0;9.0;b;2;Exp22DM08_inoc1_saisie_V2;Fichier total
Exp22DM08-Inoc1-T3-P10;9.0;0.0;;1.0;7.0;9.0;c;2;Exp22DM08_inoc1_saisie_V2;Fichier total
Exp22DM08-Inoc1-T3-P10;9.0;0.0;;1.0;7.0;7.0;a;3;Exp22DM08_inoc1_saisie_V2;Fichier total
Exp22DM08-Inoc1-T3-P10;9.0;0.0;;1.0;7.0;5.0;b;3;Exp22DM08_inoc1_saisie_V2;Fichier total
Exp22DM08-Inoc1-T3-P10;9.0;0.0;;1.0;9.0;5.0;c;3;Exp22DM08_inoc1_saisie_V2;Fichier total
Exp22DM08-Inoc1-T3-P10;9.0;0.0;;0.0;;;a;4;Exp22DM08_inoc1_saisie_V2;Fichier total
Exp22DM08-Inoc1-T3-P10;7.0;1.0;7.0;1.0;7.0;9.0;b;4;Exp22DM08_inoc1_saisie_V2;Fichier total
Exp22DM08-Inoc1-T3-P10;9.0;0.0;;1.0;9.0;7.0;c;4;Exp22DM08_inoc1_saisie_V2;Fichier total
Exp22DM08-Inoc1-T3-P11;9.0;0.0;;1.0;7.0;9.0;a;1;Exp22DM08_inoc1_saisie_V2;Fichier total
Exp22DM08-Inoc1-T3-P11;9.0;0.0;;1.0;7.0;9.0;b;1;Exp22DM08_inoc1_saisie_V2;Fichier total
Exp22DM08-Inoc1-T3-P11;9.0;0.0;;1.0;7.0;9.0;c;1;Exp22DM08_inoc1_saisie_V2;Fichier total
Exp22DM08-Inoc1-T3-P11;9.0;0.0;;1.0;7.0;7.0;a;2;Exp22DM08_inoc1_saisie_V2;Fichier total
Exp22DM08-Inoc1-T3-P11;9.0;0.0;;1.0;7.0;7.0;b;2;Exp22DM08_inoc1_saisie_V2;Fichier total
Exp22DM08-Inoc1-T3-P11;9.0;0.0;;1.0;7.0;7.0;c;2;Exp22DM08_inoc1_saisie_V2;Fichier total
Exp22DM08-Inoc1-T3-P11;9.0;0.0;;1.0;7.0;9.0;a;3;Exp22DM08_inoc1_saisie_V2;Fichier total
Exp22DM08-Inoc1-T3-P11;9.0;0.0;;1.0;7.0;7.0;b;3;Exp22DM08_inoc1_saisie_V2;Fichier total
Exp22DM08-Inoc1-T3-P11;9.0;0.0;;1.0;7.0;9.0;c;3;Exp22DM08_inoc1_saisie_V2;Fichier total
Exp22DM08-Inoc1-T3-P11;9.0;0.0;;1.0;7.0;7.0;a;4;Exp22DM08_inoc1_saisie_V2;Fichier total
Exp22DM08-Inoc1-T3-P11;9.0;0.0;;1.0;7.0;5.0;b;4;Exp22DM08_inoc1_saisie_V2;Fichier total
Exp22DM08-Inoc1-T3-P11;9.0;0.0;;1.0;7.0;9.0;c;4;Exp22DM08_inoc1_saisie_V2;Fichier total
Exp22DM08-Inoc1-T3-P12;9.0;0.0;;1.0;5.0;9.0;a;1;Exp22DM08_inoc1_saisie_V2;Fichier total
Exp22DM08-Inoc1-T3-P12;9.0;0.0;;1.0;5.0;9.0;b;1;Exp22DM08_inoc1_saisie_V2;Fichier total
Exp22DM08-Inoc1-T3-P12;9.0;0.0;;1.0;7.0;9.0;c;1;Exp22DM08_inoc1_saisie_V2;Fichier total
Exp22DM08-Inoc1-T3-P12;9.0;0.0;;1.0;9.0;9.0;a;2;Exp22DM08_inoc1_saisie_V2;Fichier total
Exp22DM08-Inoc1-T3-P12;9.0;0.0;;1.0;9.0;9.0;b;2;Exp22DM08_inoc1_saisie_V2;Fichier total
Exp22DM08-Inoc1-T3-P12;9.0;0.0;;1.0;9.0;9.0;c;2;Exp22DM08_inoc1_saisie_V2;Fichier total
Exp22DM08-Inoc1-T3-P12;7.0;1.0;9.0;0.0;;;a;3;Exp22DM08_inoc1_saisie_V2;Fichier total
Exp22DM08-Inoc1-T3-P12;7.0;1.0;9.0;0.0;;;b;3;Exp22DM08_inoc1_saisie_V2;Fichier total
Exp22DM08-Inoc1-T3-P12;7.0;1.0;9.0;0.0;;;c;3;Exp22DM08_inoc1_saisie_V2;Fichier total
Exp22DM08-Inoc1-T3-P12;9.0;0.0;;1.0;9.0;7.0;a;4;Exp22DM08_inoc1_saisie_V2;Fichier total
Exp22DM08-Inoc1-T3-P12;9.0;0.0;;1.0;9.0;7.0;b;4;Exp22DM08_inoc1_saisie_V2;Fichier total
Exp22DM08-Inoc1-T3-P12;9.0;0.0;;1.0;9.0;9.0;c;4;Exp22DM08_inoc1_saisie_V2;Fichier total
Exp22DM08-Inoc1-T3-P13;9.0;0.0;;1.0;9.0;9.0;a;1;Exp22DM08_inoc1_saisie_V2;Fichier total
Exp22DM08-Inoc1-T3-P13;9.0;0.0;;1.0;7.0;7.0;b;1;Exp22DM08_inoc1_saisie_V2;Fichier total
Exp22DM08-Inoc1-T3-P13;9.0;0.0;;1.0;7.0;9.0;c;1;Exp22DM08_inoc1_saisie_V2;Fichier total
Exp22DM08-Inoc1-T3-P13;9.0;0.0;;1.0;5.0;5.0;a;2;Exp22DM08_inoc1_saisie_V2;Fichier total
Exp22DM08-Inoc1-T3-P13;9.0;0.0;;1.0;5.0;5.0;b;2;Exp22DM08_inoc1_saisie_V2;Fichier total
Exp22DM08-Inoc1-T3-P13;9.0;0.0;;1.0;9.0;9.0;c;2;Exp22DM08_inoc1_saisie_V2;Fichier total
Exp22DM08-Inoc1-T3-P13;9.0;0.0;;1.0;7.0;9.0;a;3;Exp22DM08_inoc1_saisie_V2;Fichier total
Exp22DM08-Inoc1-T3-P13;9.0;0.0;;1.0;7.0;9.0;b;3;Exp22DM08_inoc1_saisie_V2;Fichier total
Exp22DM08-Inoc1-T3-P13;9.0;0.0;;1.0;7.0;9.0;c;3;Exp22DM08_inoc1_saisie_V2;Fichier total
Exp22DM08-Inoc1-T3-P13;9.0;0.0;;1.0;9.0;7.0;a;4;Exp22DM08_inoc1_saisie_V2;Fichier total
Exp22DM08-Inoc1-T3-P13;9.0;0.0;;1.0;9.0;7.0;b;4;Exp22DM08_inoc1_saisie_V2;Fichier total
Exp22DM08-Inoc1-T3-P13;9.0;0.0;;1.0;9.0;7.0;c;4;Exp22DM08_inoc1_saisie_V2;Fichier total
Exp22DM08-Inoc1-T3-P14;9.0;0.0;;0.0;;;a;1;Exp22DM08_inoc1_saisie_V2;Fichier total
Exp22DM08-Inoc1-T3-P14;7.0;1.0;7.0;0.0;;;b;1;Exp22DM08_inoc1_saisie_V2;Fichier total
Exp22DM08-Inoc1-T3-P14;9.0;0.0;;0.0;;;c;1;Exp22DM08_inoc1_saisie_V2;Fichier total
Exp22DM08-Inoc1-T3-P14;7.0;1.0;5.0;0.0;;;a;2;Exp22DM08_inoc1_saisie_V2;Fichier total
Exp22DM08-Inoc1-T3-P14;7.0;1.0;5.0;0.0;;;b;2;Exp22DM08_inoc1_saisie_V2;Fichier total
Exp22DM08-Inoc1-T3-P14;7.0;1.0;5.0;0.0;;;c;2;Exp22DM08_inoc1_saisie_V2;Fichier total
Exp22DM08-Inoc1-T3-P14;9.0;0.0;;0.0;;;a;3;Exp22DM08_inoc1_saisie_V2;Fichier total
Exp22DM08-Inoc1-T3-P14;9.0;0.0;;1.0;9.0;9.0;b;3;Exp22DM08_inoc1_saisie_V2;Fichier total
Exp22DM08-Inoc1-T3-P14;9.0;0.0;;1.0;9.0;9.0;c;3;Exp22DM08_inoc1_saisie_V2;Fichier total
Exp22DM08-Inoc1-T3-P14;9.0;0.0;;1.0;9.0;9.0;a;4;Exp22DM08_inoc1_saisie_V2;Fichier total
Exp22DM08-Inoc1-T3-P14;9.0;0.0;;1.0;9.0;9.0;b;4;Exp22DM08_inoc1_saisie_V2;Fichier total
Exp22DM08-Inoc1-T3-P14;9.0;0.0;;1.0;9.0;9.0;c;4;Exp22DM08_inoc1_saisie_V2;Fichier total
Exp22DM08-Inoc1-T3-P15;9.0;0.0;;1.0;9.0;9.0;a;1;Exp22DM08_inoc1_saisie_V2;Fichier total
Exp22DM08-Inoc1-T3-P15;9.0;0.0;;1.0;9.0;7.0;b;1;Exp22DM08_inoc1_saisie_V2;Fichier total
Exp22DM08-Inoc1-T3-P15;9.0;0.0;;1.0;9.0;9.0;c;1;Exp22DM08_inoc1_saisie_V2;Fichier total
Exp22DM08-Inoc1-T3-P15;9.0;0.0;;1.0;9.0;9.0;a;2;Exp22DM08_inoc1_saisie_V2;Fichier total
Exp22DM08-Inoc1-T3-P15;9.0;0.0;;1.0;9.0;9.0;b;2;Exp22DM08_inoc1_saisie_V2;Fichier total
Exp22DM08-Inoc1-T3-P15;9.0;0.0;;1.0;9.0;9.0;c;2;Exp22DM08_inoc1_saisie_V2;Fichier total
Exp22DM08-Inoc1-T3-P15;9.0;0.0;;1.0;9.0;5.0;a;3;Exp22DM08_inoc1_saisie_V2;Fichier total
Exp22DM08-Inoc1-T3-P15;9.0;0.0;;1.0;7.0;5.0;b;3;Exp22DM08_inoc1_saisie_V2;Fichier total
Exp22DM08-Inoc1-T3-P15;9.0;0.0;;1.0;9.0;5.0;c;3;Exp22DM08_inoc1_saisie_V2;Fichier total
Exp22DM08-Inoc1-T3-P15;9.0;0.0;;1.0;9.0;9.0;a;4;Exp22DM08_inoc1_saisie_V2;Fichier total
Exp22DM08-Inoc1-T3-P15;9.0;0.0;;1.0;7.0;9.0;b;4;Exp22DM08_inoc1_saisie_V2;Fichier total
Exp22DM08-Inoc1-T3-P15;9.0;0.0;;1.0;9.0;9.0;c;4;Exp22DM08_inoc1_saisie_V2;Fichier total
Exp22DM08-Inoc1-T3-P16;9.0;0.0;;0.0;;;a;1;Exp22DM08_inoc1_saisie_V2;Fichier total
Exp22DM08-Inoc1-T3-P16;9.0;0.0;;0.0;;;b;1;Exp22DM08_inoc1_saisie_V2;Fichier total
Exp22DM08-Inoc1-T3-P16;9.0;0.0;;0.0;;;c;1;Exp22DM08_inoc1_saisie_V2;Fichier total
Exp22DM08-Inoc1-T3-P16;9.0;0.0;;1.0;7.0;9.0;a;2;Exp22DM08_inoc1_saisie_V2;Fichier total
Exp22DM08-Inoc1-T3-P16;9.0;0.0;;1.0;9.0;9.0;b;2;Exp22DM08_inoc1_saisie_V2;Fichier total
Exp22DM08-Inoc1-T3-P16;9.0;0.0;;0.0;;;c;2;Exp22DM08_inoc1_saisie_V2;Fichier total
Exp22DM08-Inoc1-T3-P16;9.0;0.0;;0.0;;;a;3;Exp22DM08_inoc1_saisie_V2;Fichier total
Exp22DM08-Inoc1-T3-P16;9.0;0.0;;0.0;;;b;3;Exp22DM08_inoc1_saisie_V2;Fichier total
Exp22DM08-Inoc1-T3-P16;9.0;0.0;;0.0;;;c;3;Exp22DM08_inoc1_saisie_V2;Fichier total
Exp22DM08-Inoc1-T3-P16;9.0;0.0;;1.0;9.0;9.0;a;4;Exp22DM08_inoc1_saisie_V2;Fichier total
Exp22DM08-Inoc1-T3-P16;9.0;0.0;;1.0;9.0;9.0;b;4;Exp22DM08_inoc1_saisie_V2;Fichier total
Exp22DM08-Inoc1-T3-P16;9.0;0.0;;1.0;7.0;9.0;c;4;Exp22DM08_inoc1_saisie_V2;Fichier total
Exp22DM08-Inoc1-T3-P17;9.0;0.0;;1.0;9.0;9.0;a;1;Exp22DM08_inoc1_saisie_V2;Fichier total
Exp22DM08-Inoc1-T3-P17;9.0;0.0;;1.0;7.0;9.0;b;1;Exp22DM08_inoc1_saisie_V2;Fichier total
Exp22DM08-Inoc1-T3-P17;9.0;0.0;;1.0;9.0;9.0;c;1;Exp22DM08_inoc1_saisie_V2;Fichier total
Exp22DM08-Inoc1-T3-P17;9.0;0.0;;1.0;9.0;9.0;a;2;Exp22DM08_inoc1_saisie_V2;Fichier total
Exp22DM08-Inoc1-T3-P17;9.0;0.0;;0.0;;;b;2;Exp22DM08_inoc1_saisie_V2;Fichier total
Exp22DM08-Inoc1-T3-P17;9.0;0.0;;0.0;;;c;2;Exp22DM08_inoc1_saisie_V2;Fichier total
Exp22DM08-Inoc1-T3-P17;7.0;1.0;7.0;0.0;;;a;3;Exp22DM08_inoc1_saisie_V2;Fichier total
Exp22DM08-Inoc1-T3-P17;7.0;1.0;9.0;0.0;;;b;3;Exp22DM08_inoc1_saisie_V2;Fichier total
Exp22DM08-Inoc1-T3-P17;7.0;1.0;7.0;1.0;9.0;5.0;c;3;Exp22DM08_inoc1_saisie_V2;Fichier total
Exp22DM08-Inoc1-T3-P17;9.0;0.0;;0.0;;;a;4;Exp22DM08_inoc1_saisie_V2;Fichier total
Exp22DM08-Inoc1-T3-P17;9.0;0.0;;1.0;7.0;7.0;b;4;Exp22DM08_inoc1_saisie_V2;Fichier total
Exp22DM08-Inoc1-T3-P17;9.0;0.0;;1.0;9.0;7.0;c;4;Exp22DM08_inoc1_saisie_V2;Fichier total
Exp22DM08-Inoc1-T3-P18;9.0;0.0;;1.0;5.0;7.0;a;1;Exp22DM08_inoc1_saisie_V2;Fichier total
Exp22DM08-Inoc1-T3-P18;9.0;0.0;;1.0;5.0;7.0;b;1;Exp22DM08_inoc1_saisie_V2;Fichier total
Exp22DM08-Inoc1-T3-P18;9.0;0.0;;1.0;5.0;7.0;c;1;Exp22DM08_inoc1_saisie_V2;Fichier total
Exp22DM08-Inoc1-T3-P18;9.0;0.0;;1.0;7.0;9.0;a;2;Exp22DM08_inoc1_saisie_V2;Fichier total
Exp22DM08-Inoc1-T3-P18;9.0;0.0;;1.0;7.0;9.0;b;2;Exp22DM08_inoc1_saisie_V2;Fichier total
Exp22DM08-Inoc1-T3-P18;9.0;0.0;;1.0;7.0;9.0;c;2;Exp22DM08_inoc1_saisie_V2;Fichier total
Exp22DM08-Inoc1-T3-P18;9.0;0.0;;1.0;7.0;7.0;a;3;Exp22DM08_inoc1_saisie_V2;Fichier total
Exp22DM08-Inoc1-T3-P18;9.0;0.0;;1.0;7.0;7.0;b;3;Exp22DM08_inoc1_saisie_V2;Fichier total
Exp22DM08-Inoc1-T3-P18;9.0;0.0;;1.0;7.0;7.0;c;3;Exp22DM08_inoc1_saisie_V2;Fichier total
Exp22DM08-Inoc1-T3-P18;9.0;0.0;;0.0;;;a;4;Exp22DM08_inoc1_saisie_V2;Fichier total
Exp22DM08-Inoc1-T3-P18;9.0;0.0;;0.0;;;b;4;Exp22DM08_inoc1_saisie_V2;Fichier total
Exp22DM08-Inoc1-T3-P18;9.0;0.0;;1.0;9.0;9.0;c;4;Exp22DM08_inoc1_saisie_V2;Fichier total
Exp22DM08-Inoc1-T3-P19;9.0;0.0;;1.0;9.0;9.0;a;1;Exp22DM08_inoc1_saisie_V2;Fichier total
Exp22DM08-Inoc1-T3-P19;9.0;0.0;;1.0;7.0;9.0;b;1;Exp22DM08_inoc1_saisie_V2;Fichier total
Exp22DM08-Inoc1-T3-P19;9.0;0.0;;1.0;9.0;9.0;c;1;Exp22DM08_inoc1_saisie_V2;Fichier total
Exp22DM08-Inoc1-T3-P19;9.0;0.0;;1.0;9.0;9.0;a;2;Exp22DM08_inoc1_saisie_V2;Fichier total
Exp22DM08-Inoc1-T3-P19;9.0;0.0;;1.0;9.0;7.0;b;2;Exp22DM08_inoc1_saisie_V2;Fichier total
Exp22DM08-Inoc1-T3-P19;9.0;0.0;;1.0;9.0;9.0;c;2;Exp22DM08_inoc1_saisie_V2;Fichier total
Exp22DM08-Inoc1-T3-P19;9.0;0.0;;1.0;5.0;7.0;a;3;Exp22DM08_inoc1_saisie_V2;Fichier total
Exp22DM08-Inoc1-T3-P19;9.0;0.0;;1.0;5.0;7.0;b;3;Exp22DM08_inoc1_saisie_V2;Fichier total
Exp22DM08-Inoc1-T3-P19;9.0;0.0;;1.0;5.0;7.0;c;3;Exp22DM08_inoc1_saisie_V2;Fichier total
Exp22DM08-Inoc1-T3-P19;9.0;0.0;;1.0;7.0;9.0;a;4;Exp22DM08_inoc1_saisie_V2;Fichier total
Exp22DM08-Inoc1-T3-P19;9.0;0.0;;1.0;7.0;9.0;b;4;Exp22DM08_inoc1_saisie_V2;Fichier total
Exp22DM08-Inoc1-T3-P19;9.0;0.0;;1.0;7.0;9.0;c;4;Exp22DM08_inoc1_saisie_V2;Fichier total
Exp22DM08-Inoc1-T3-P20;9.0;0.0;;1.0;9.0;9.0;a;1;Exp22DM08_inoc1_saisie_V2;Fichier total
Exp22DM08-Inoc1-T3-P20;9.0;0.0;;0.0;;;b;1;Exp22DM08_inoc1_saisie_V2;Fichier total
Exp22DM08-Inoc1-T3-P20;9.0;0.0;;0.0;;;c;1;Exp22DM08_inoc1_saisie_V2;Fichier total
Exp22DM08-Inoc1-T3-P20;9.0;0.0;;1.0;7.0;9.0;a;2;Exp22DM08_inoc1_saisie_V2;Fichier total
Exp22DM08-Inoc1-T3-P20;9.0;0.0;;1.0;7.0;9.0;b;2;Exp22DM08_inoc1_saisie_V2;Fichier total
Exp22DM08-Inoc1-T3-P20;9.0;0.0;;1.0;7.0;9.0;c;2;Exp22DM08_inoc1_saisie_V2;Fichier total
Exp22DM08-Inoc1-T3-P20;9.0;0.0;;0.0;;;a;3;Exp22DM08_inoc1_saisie_V2;Fichier total
Exp22DM08-Inoc1-T3-P20;9.0;0.0;;1.0;9.0;9.0;b;3;Exp22DM08_inoc1_saisie_V2;Fichier total
Exp22DM08-Inoc1-T3-P20;9.0;0.0;;0.0;;;c;3;Exp22DM08_inoc1_saisie_V2;Fichier total
Exp22DM08-Inoc1-T3-P20;9.0;0.0;;0.0;;;a;4;Exp22DM08_inoc1_saisie_V2;Fichier total
Exp22DM08-Inoc1-T3-P20;9.0;0.0;;1.0;9.0;9.0;b;4;Exp22DM08_inoc1_saisie_V2;Fichier total
Exp22DM08-Inoc1-T3-P20;9.0;0.0;;1.0;9.0;9.0;c;4;Exp22DM08_inoc1_saisie_V2;Fichier total
Exp22DM08-Inoc1-T3-P21;9.0;0.0;;1.0;7.0;7.0;a;1;Exp22DM08_inoc1_saisie_V2;Fichier total
Exp22DM08-Inoc1-T3-P21;9.0;0.0;;1.0;7.0;9.0;b;1;Exp22DM08_inoc1_saisie_V2;Fichier total
Exp22DM08-Inoc1-T3-P21;9.0;0.0;;1.0;9.0;7.0;c;1;Exp22DM08_inoc1_saisie_V2;Fichier total
Exp22DM08-Inoc1-T3-P21;9.0;0.0;;1.0;7.0;9.0;a;2;Exp22DM08_inoc1_saisie_V2;Fichier total
Exp22DM08-Inoc1-T3-P21;9.0;0.0;;1.0;5.0;9.0;b;2;Exp22DM08_inoc1_saisie_V2;Fichier total
Exp22DM08-Inoc1-T3-P21;9.0;0.0;;1.0;5.0;9.0;c;2;Exp22DM08_inoc1_saisie_V2;Fichier total
Exp22DM08-Inoc1-T3-P21;9.0;0.0;;1.0;5.0;9.0;a;3;Exp22DM08_inoc1_saisie_V2;Fichier total
Exp22DM08-Inoc1-T3-P21;9.0;0.0;;1.0;5.0;7.0;b;3;Exp22DM08_inoc1_saisie_V2;Fichier total
Exp22DM08-Inoc1-T3-P21;9.0;0.0;;1.0;7.0;7.0;c;3;Exp22DM08_inoc1_saisie_V2;Fichier total
Exp22DM08-Inoc1-T3-P21;9.0;0.0;;1.0;9.0;9.0;a;4;Exp22DM08_inoc1_saisie_V2;Fichier total
Exp22DM08-Inoc1-T3-P21;9.0;0.0;;1.0;9.0;9.0;b;4;Exp22DM08_inoc1_saisie_V2;Fichier total
Exp22DM08-Inoc1-T3-P21;9.0;0.0;;1.0;9.0;9.0;c;4;Exp22DM08_inoc1_saisie_V2;Fichier total
Exp22DM08-Inoc1-T3-P22;9.0;0.0;;0.0;;;a;1;Exp22DM08_inoc1_saisie_V2;Fichier total
Exp22DM08-Inoc1-T3-P22;9.0;0.0;;0.0;;;b;1;Exp22DM08_inoc1_saisie_V2;Fichier total
Exp22DM08-Inoc1-T3-P22;9.0;0.0;;1.0;9.0;9.0;c;1;Exp22DM08_inoc1_saisie_V2;Fichier total
Exp22DM08-Inoc1-T3-P22;9.0;0.0;;1.0;7.0;9.0;a;2;Exp22DM08_inoc1_saisie_V2;Fichier total
Exp22DM08-Inoc1-T3-P22;9.0;0.0;;1.0;9.0;9.0;b;2;Exp22DM08_inoc1_saisie_V2;Fichier total
Exp22DM08-Inoc1-T3-P22;9.0;0.0;;1.0;9.0;9.0;c;2;Exp22DM08_inoc1_saisie_V2;Fichier total
Exp22DM08-Inoc1-T3-P22;9.0;0.0;;1.0;9.0;5.0;a;3;Exp22DM08_inoc1_saisie_V2;Fichier total
Exp22DM08-Inoc1-T3-P22;9.0;0.0;;0.0;;;b;3;Exp22DM08_inoc1_saisie_V2;Fichier total
Exp22DM08-Inoc1-T3-P22;9.0;0.0;;0.0;;;c;3;Exp22DM08_inoc1_saisie_V2;Fichier total
Exp22DM08-Inoc1-T3-P22;9.0;0.0;;1.0;7.0;9.0;a;4;Exp22DM08_inoc1_saisie_V2;Fichier total
Exp22DM08-Inoc1-T3-P22;9.0;0.0;;1.0;9.0;5.0;b;4;Exp22DM08_inoc1_saisie_V2;Fichier total
Exp22DM08-Inoc1-T3-P22;9.0;0.0;;1.0;5.0;9.0;c;4;Exp22DM08_inoc1_saisie_V2;Fichier total
Exp22DM08-Inoc1-T3-P23;9.0;0.0;;0.0;;;a;1;Exp22DM08_inoc1_saisie_V2;Fichier total
Exp22DM08-Inoc1-T3-P23;9.0;0.0;;1.0;9.0;9.0;b;1;Exp22DM08_inoc1_saisie_V2;Fichier total
Exp22DM08-Inoc1-T3-P23;9.0;0.0;;0.0;;;c;1;Exp22DM08_inoc1_saisie_V2;Fichier total
Exp22DM08-Inoc1-T3-P23;9.0;0.0;;1.0;9.0;7.0;a;2;Exp22DM08_inoc1_saisie_V2;Fichier total
Exp22DM08-Inoc1-T3-P23;9.0;0.0;;1.0;9.0;9.0;b;2;Exp22DM08_inoc1_saisie_V2;Fichier total
Exp22DM08-Inoc1-T3-P23;9.0;0.0;;1.0;7.0;9.0;c;2;Exp22DM08_inoc1_saisie_V2;Fichier total
Exp22DM08-Inoc1-T3-P23;9.0;0.0;;0.0;;;a;3;Exp22DM08_inoc1_saisie_V2;Fichier total
Exp22DM08-Inoc1-T3-P23;9.0;0.0;;1.0;9.0;9.0;b;3;Exp22DM08_inoc1_saisie_V2;Fichier total
Exp22DM08-Inoc1-T3-P23;9.0;0.0;;0.0;;;c;3;Exp22DM08_inoc1_saisie_V2;Fichier total
Exp22DM08-Inoc1-T3-P23;9.0;0.0;;1.0;9.0;9.0;a;4;Exp22DM08_inoc1_saisie_V2;Fichier total
Exp22DM08-Inoc1-T3-P23;9.0;0.0;;1.0;7.0;9.0;b;4;Exp22DM08_inoc1_saisie_V2;Fichier total
Exp22DM08-Inoc1-T3-P23;9.0;0.0;;1.0;9.0;9.0;c;4;Exp22DM08_inoc1_saisie_V2;Fichier total
Exp22DM08-Inoc1-T3-P24;9.0;0.0;;0.0;;;a;1;Exp22DM08_inoc1_saisie_V2;Fichier total
Exp22DM08-Inoc1-T3-P24;9.0;0.0;;0.0;;;b;1;Exp22DM08_inoc1_saisie_V2;Fichier total
Exp22DM08-Inoc1-T3-P24;9.0;0.0;;0.0;;;c;1;Exp22DM08_inoc1_saisie_V2;Fichier total
Exp22DM08-Inoc1-T3-P24;9.0;0.0;;1.0;7.0;7.0;a;2;Exp22DM08_inoc1_saisie_V2;Fichier total
Exp22DM08-Inoc1-T3-P24;9.0;0.0;;1.0;9.0;9.0;b;2;Exp22DM08_inoc1_saisie_V2;Fichier total
Exp22DM08-Inoc1-T3-P24;9.0;0.0;;1.0;7.0;7.0;c;2;Exp22DM08_inoc1_saisie_V2;Fichier total
Exp22DM08-Inoc1-T3-P24;9.0;0.0;;1.0;7.0;7.0;a;3;Exp22DM08_inoc1_saisie_V2;Fichier total
Exp22DM08-Inoc1-T3-P24;9.0;0.0;;1.0;7.0;7.0;b;3;Exp22DM08_inoc1_saisie_V2;Fichier total
Exp22DM08-Inoc1-T3-P24;9.0;0.0;;1.0;7.0;7.0;c;3;Exp22DM08_inoc1_saisie_V2;Fichier total
Exp22DM08-Inoc1-T3-P24;9.0;0.0;;1.0;9.0;7.0;a;4;Exp22DM08_inoc1_saisie_V2;Fichier total
Exp22DM08-Inoc1-T3-P24;9.0;0.0;;1.0;5.0;7.0;b;4;Exp22DM08_inoc1_saisie_V2;Fichier total
Exp22DM08-Inoc1-T3-P24;9.0;0.0;;1.0;5.0;7.0;c;4;Exp22DM08_inoc1_saisie_V2;Fichier total
Exp22DM08-Inoc1-T3-P25;9.0;0.0;;1.0;7.0;7.0;a;1;Exp22DM08_inoc1_saisie_V2;Fichier total
Exp22DM08-Inoc1-T3-P25;9.0;0.0;;1.0;7.0;7.0;b;1;Exp22DM08_inoc1_saisie_V2;Fichier total
Exp22DM08-Inoc1-T3-P25;9.0;0.0;;1.0;7.0;9.0;c;1;Exp22DM08_inoc1_saisie_V2;Fichier total
Exp22DM08-Inoc1-T3-P25;9.0;0.0;;1.0;7.0;7.0;a;2;Exp22DM08_inoc1_saisie_V2;Fichier total
Exp22DM08-Inoc1-T3-P25;9.0;0.0;;1.0;7.0;9.0;b;2;Exp22DM08_inoc1_saisie_V2;Fichier total
Exp22DM08-Inoc1-T3-P25;9.0;0.0;;1.0;9.0;7.0;c;2;Exp22DM08_inoc1_saisie_V2;Fichier total
Exp22DM08-Inoc1-T3-P25;9.0;0.0;;1.0;7.0;7.0;a;3;Exp22DM08_inoc1_saisie_V2;Fichier total
Exp22DM08-Inoc1-T3-P25;9.0;0.0;;1.0;9.0;7.0;b;3;Exp22DM08_inoc1_saisie_V2;Fichier total
Exp22DM08-Inoc1-T3-P25;9.0;0.0;;1.0;9.0;9.0;c;3;Exp22DM08_inoc1_saisie_V2;Fichier total
Exp22DM08-Inoc1-T3-P25;9.0;0.0;;1.0;9.0;9.0;a;4;Exp22DM08_inoc1_saisie_V2;Fichier total
Exp22DM08-Inoc1-T3-P25;9.0;0.0;;1.0;9.0;9.0;b;4;Exp22DM08_inoc1_saisie_V2;Fichier total
Exp22DM08-Inoc1-T3-P25;9.0;0.0;;1.0;9.0;9.0;c;4;Exp22DM08_inoc1_saisie_V2;Fichier total
Exp22DM08-Inoc1-T3-P26;9.0;0.0;;1.0;7.0;7.0;a;1;Exp22DM08_inoc1_saisie_V2;Fichier total
Exp22DM08-Inoc1-T3-P26;9.0;0.0;;1.0;7.0;7.0;b;1;Exp22DM08_inoc1_saisie_V2;Fichier total
Exp22DM08-Inoc1-T3-P26;9.0;0.0;;1.0;7.0;7.0;c;1;Exp22DM08_inoc1_saisie_V2;Fichier total
Exp22DM08-Inoc1-T3-P26;9.0;0.0;;1.0;7.0;7.0;a;2;Exp22DM08_inoc1_saisie_V2;Fichier total
Exp22DM08-Inoc1-T3-P26;9.0;0.0;;1.0;9.0;7.0;b;2;Exp22DM08_inoc1_saisie_V2;Fichier total
Exp22DM08-Inoc1-T3-P26;7.0;1.0;9.0;1.0;7.0;7.0;c;2;Exp22DM08_inoc1_saisie_V2;Fichier total
Exp22DM08-Inoc1-T3-P26;9.0;0.0;;1.0;7.0;7.0;a;3;Exp22DM08_inoc1_saisie_V2;Fichier total
Exp22DM08-Inoc1-T3-P26;9.0;0.0;;1.0;7.0;5.0;b;3;Exp22DM08_inoc1_saisie_V2;Fichier total
Exp22DM08-Inoc1-T3-P26;9.0;0.0;;1.0;7.0;5.0;c;3;Exp22DM08_inoc1_saisie_V2;Fichier total
Exp22DM08-Inoc1-T3-P26;9.0;0.0;;1.0;7.0;7.0;a;4;Exp22DM08_inoc1_saisie_V2;Fichier total
Exp22DM08-Inoc1-T3-P26;9.0;0.0;;1.0;7.0;7.0;b;4;Exp22DM08_inoc1_saisie_V2;Fichier total
Exp22DM08-Inoc1-T3-P26;9.0;0.0;;1.0;7.0;5.0;c;4;Exp22DM08_inoc1_saisie_V2;Fichier total
Exp22DM08-Inoc1-T3-P27;9.0;0.0;;1.0;7.0;9.0;a;1;Exp22DM08_inoc1_saisie_V2;Fichier total
Exp22DM08-Inoc1-T3-P27;9.0;0.0;;1.0;7.0;9.0;b;1;Exp22DM08_inoc1_saisie_V2;Fichier total
Exp22DM08-Inoc1-T3-P27;9.0;0.0;;1.0;9.0;9.0;c;1;Exp22DM08_inoc1_saisie_V2;Fichier total
Exp22DM08-Inoc1-T3-P27;9.0;0.0;;1.0;7.0;9.0;a;2;Exp22DM08_inoc1_saisie_V2;Fichier total
Exp22DM08-Inoc1-T3-P27;9.0;0.0;;1.0;7.0;9.0;b;2;Exp22DM08_inoc1_saisie_V2;Fichier total
Exp22DM08-Inoc1-T3-P27;9.0;0.0;;1.0;7.0;9.0;c;2;Exp22DM08_inoc1_saisie_V2;Fichier total
Exp22DM08-Inoc1-T3-P27;9.0;0.0;;1.0;7.0;9.0;a;3;Exp22DM08_inoc1_saisie_V2;Fichier total
Exp22DM08-Inoc1-T3-P27;9.0;0.0;;1.0;7.0;9.0;b;3;Exp22DM08_inoc1_saisie_V2;Fichier total
Exp22DM08-Inoc1-T3-P27;9.0;0.0;;1.0;7.0;9.0;c;3;Exp22DM08_inoc1_saisie_V2;Fichier total
Exp22DM08-Inoc1-T3-P27;9.0;0.0;;1.0;7.0;9.0;a;4;Exp22DM08_inoc1_saisie_V2;Fichier total
Exp22DM08-Inoc1-T3-P27;9.0;0.0;;1.0;7.0;9.0;b;4;Exp22DM08_inoc1_saisie_V2;Fichier total
Exp22DM08-Inoc1-T3-P27;9.0;0.0;;1.0;7.0;9.0;c;4;Exp22DM08_inoc1_saisie_V2;Fichier total
Exp22DM08-Inoc1-T3-P28;9.0;0.0;;0.0;;;a;1;Exp22DM08_inoc1_saisie_V2;Fichier total
Exp22DM08-Inoc1-T3-P28;9.0;0.0;;0.0;;;b;1;Exp22DM08_inoc1_saisie_V2;Fichier total
Exp22DM08-Inoc1-T3-P28;9.0;0.0;;0.0;;;c;1;Exp22DM08_inoc1_saisie_V2;Fichier total
Exp22DM08-Inoc1-T3-P28;9.0;0.0;;0.0;;;a;2;Exp22DM08_inoc1_saisie_V2;Fichier total
Exp22DM08-Inoc1-T3-P28;9.0;0.0;;1.0;9.0;9.0;b;2;Exp22DM08_inoc1_saisie_V2;Fichier total
Exp22DM08-Inoc1-T3-P28;9.0;0.0;;0.0;;;c;2;Exp22DM08_inoc1_saisie_V2;Fichier total
Exp22DM08-Inoc1-T3-P28;9.0;0.0;;1.0;9.0;9.0;a;3;Exp22DM08_inoc1_saisie_V2;Fichier total
Exp22DM08-Inoc1-T3-P28;7.0;1.0;7.0;1.0;9.0;9.0;b;3;Exp22DM08_inoc1_saisie_V2;Fichier total
Exp22DM08-Inoc1-T3-P28;7.0;1.0;9.0;1.0;9.0;9.0;c;3;Exp22DM08_inoc1_saisie_V2;Fichier total
Exp22DM08-Inoc1-T3-P28;9.0;0.0;;0.0;;;a;4;Exp22DM08_inoc1_saisie_V2;Fichier total
Exp22DM08-Inoc1-T3-P28;9.0;0.0;;0.0;;;b;4;Exp22DM08_inoc1_saisie_V2;Fichier total
Exp22DM08-Inoc1-T3-P28;9.0;0.0;;0.0;;;c;4;Exp22DM08_inoc1_saisie_V2;Fichier total
Exp22DM08-Inoc1-T3-P29;9.0;0.0;;1.0;9.0;9.0;a;1;Exp22DM08_inoc1_saisie_V2;Fichier total
Exp22DM08-Inoc1-T3-P29;9.0;0.0;;1.0;9.0;9.0;b;1;Exp22DM08_inoc1_saisie_V2;Fichier total
Exp22DM08-Inoc1-T3-P29;9.0;0.0;;1.0;9.0;9.0;c;1;Exp22DM08_inoc1_saisie_V2;Fichier total
Exp22DM08-Inoc1-T3-P29;9.0;0.0;;1.0;7.0;7.0;a;2;Exp22DM08_inoc1_saisie_V2;Fichier total
Exp22DM08-Inoc1-T3-P29;9.0;0.0;;1.0;7.0;7.0;b;2;Exp22DM08_inoc1_saisie_V2;Fichier total
Exp22DM08-Inoc1-T3-P29;9.0;0.0;;0.0;;;c;2;Exp22DM08_inoc1_saisie_V2;Fichier total
Exp22DM08-Inoc1-T3-P31;9.0;0.0;;1.0;9.0;9.0;a;1;Exp22DM08_inoc1_saisie_V2;Fichier total
Exp22DM08-Inoc1-T3-P31;9.0;0.0;;1.0;7.0;7.0;b;1;Exp22DM08_inoc1_saisie_V2;Fichier total
Exp22DM08-Inoc1-T3-P31;9.0;0.0;;1.0;7.0;7.0;c;1;Exp22DM08_inoc1_saisie_V2;Fichier total
Exp22DM08-Inoc1-T3-P31;9.0;0.0;;0.0;;;a;2;Exp22DM08_inoc1_saisie_V2;Fichier total
Exp22DM08-Inoc1-T3-P31;9.0;0.0;;0.0;;;b;2;Exp22DM08_inoc1_saisie_V2;Fichier total
Exp22DM08-Inoc1-T3-P31;9.0;0.0;;0.0;;;c;2;Exp22DM08_inoc1_saisie_V2;Fichier total
Exp22DM08-Inoc1-T3-P31;9.0;0.0;;1.0;9.0;9.0;a;3;Exp22DM08_inoc1_saisie_V2;Fichier total
Exp22DM08-Inoc1-T3-P31;9.0;0.0;;1.0;9.0;7.0;b;3;Exp22DM08_inoc1_saisie_V2;Fichier total
Exp22DM08-Inoc1-T3-P31;9.0;0.0;;1.0;9.0;7.0;c;3;Exp22DM08_inoc1_saisie_V2;Fichier total
Exp22DM08-Inoc1-T3-P31;9.0;0.0;;1.0;9.0;7.0;a;4;Exp22DM08_inoc1_saisie_V2;Fichier total
Exp22DM08-Inoc1-T3-P31;9.0;0.0;;1.0;7.0;7.0;b;4;Exp22DM08_inoc1_saisie_V2;Fichier total
Exp22DM08-Inoc1-T3-P31;9.0;0.0;;1.0;7.0;7.0;c;4;Exp22DM08_inoc1_saisie_V2;Fichier total
Exp22DM08-Inoc1-T3-P32;9.0;0.0;;1.0;7.0;9.0;a;1;Exp22DM08_inoc1_saisie_V2;Fichier total
Exp22DM08-Inoc1-T3-P32;9.0;0.0;;1.0;7.0;9.0;b;1;Exp22DM08_inoc1_saisie_V2;Fichier total
Exp22DM08-Inoc1-T3-P32;9.0;0.0;;1.0;7.0;9.0;c;1;Exp22DM08_inoc1_saisie_V2;Fichier total
Exp22DM08-Inoc1-T3-P32;9.0;0.0;;1.0;9.0;9.0;a;2;Exp22DM08_inoc1_saisie_V2;Fichier total
Exp22DM08-Inoc1-T3-P32;9.0;0.0;;1.0;9.0;9.0;b;2;Exp22DM08_inoc1_saisie_V2;Fichier total
Exp22DM08-Inoc1-T3-P32;9.0;0.0;;0.0;;;c;2;Exp22DM08_inoc1_saisie_V2;Fichier total
Exp22DM08-Inoc1-T3-P32;9.0;0.0;;1.0;9.0;9.0;a;3;Exp22DM08_inoc1_saisie_V2;Fichier total
Exp22DM08-Inoc1-T3-P32;9.0;0.0;;0.0;;;b;3;Exp22DM08_inoc1_saisie_V2;Fichier total
Exp22DM08-Inoc1-T3-P32;9.0;0.0;;0.0;;;c;3;Exp22DM08_inoc1_saisie_V2;Fichier total
Exp22DM08-Inoc1-T3-P32;9.0;0.0;;1.0;7.0;7.0;a;4;Exp22DM08_inoc1_saisie_V2;Fichier total
Exp22DM08-Inoc1-T3-P32;9.0;0.0;;1.0;7.0;7.0;b;4;Exp22DM08_inoc1_saisie_V2;Fichier total
Exp22DM08-Inoc1-T3-P32;9.0;0.0;;1.0;7.0;7.0;c;4;Exp22DM08_inoc1_saisie_V2;Fichier total
Exp22DM08-Inoc1-T3-P33;9.0;0.0;;1.0;7.0;9.0;a;1;Exp22DM08_inoc1_saisie_V2;Fichier total
Exp22DM08-Inoc1-T3-P33;9.0;0.0;;1.0;9.0;9.0;b;1;Exp22DM08_inoc1_saisie_V2;Fichier total
Exp22DM08-Inoc1-T3-P33;9.0;0.0;;1.0;7.0;9.0;c;1;Exp22DM08_inoc1_saisie_V2;Fichier total
Exp22DM08-Inoc1-T3-P33;9.0;0.0;;0.0;;;a;2;Exp22DM08_inoc1_saisie_V2;Fichier total
Exp22DM08-Inoc1-T3-P33;9.0;0.0;;1.0;9.0;9.0;b;2;Exp22DM08_inoc1_saisie_V2;Fichier total
Exp22DM08-Inoc1-T3-P33;9.0;0.0;;1.0;9.0;9.0;c;2;Exp22DM08_inoc1_saisie_V2;Fichier total
Exp22DM08-Inoc1-T3-P33;9.0;0.0;;0.0;;;a;3;Exp22DM08_inoc1_saisie_V2;Fichier total
Exp22DM08-Inoc1-T3-P33;9.0;0.0;;0.0;;;b;3;Exp22DM08_inoc1_saisie_V2;Fichier total
Exp22DM08-Inoc1-T3-P33;9.0;0.0;;0.0;;;c;3;Exp22DM08_inoc1_saisie_V2;Fichier total
Exp22DM08-Inoc1-T3-P33;9.0;0.0;;1.0;9.0;7.0;a;4;Exp22DM08_inoc1_saisie_V2;Fichier total
Exp22DM08-Inoc1-T3-P33;9.0;0.0;;1.0;9.0;7.0;b;4;Exp22DM08_inoc1_saisie_V2;Fichier total
Exp22DM08-Inoc1-T3-P33;9.0;0.0;;1.0;9.0;7.0;c;4;Exp22DM08_inoc1_saisie_V2;Fichier total
Exp22DM08-Inoc1-T3-P34;9.0;0.0;;1.0;9.0;7.0;a;1;Exp22DM08_inoc1_saisie_V2;Fichier total
Exp22DM08-Inoc1-T3-P34;9.0;0.0;;1.0;7.0;7.0;b;1;Exp22DM08_inoc1_saisie_V2;Fichier total
Exp22DM08-Inoc1-T3-P34;9.0;0.0;;1.0;7.0;7.0;c;1;Exp22DM08_inoc1_saisie_V2;Fichier total
Exp22DM08-Inoc1-T3-P34;9.0;0.0;;1.0;7.0;7.0;a;2;Exp22DM08_inoc1_saisie_V2;Fichier total
Exp22DM08-Inoc1-T3-P34;9.0;0.0;;1.0;7.0;7.0;b;2;Exp22DM08_inoc1_saisie_V2;Fichier total
Exp22DM08-Inoc1-T3-P34;9.0;0.0;;1.0;7.0;7.0;c;2;Exp22DM08_inoc1_saisie_V2;Fichier total
Exp22DM08-Inoc1-T3-P34;9.0;0.0;;0.0;;;a;3;Exp22DM08_inoc1_saisie_V2;Fichier total
Exp22DM08-Inoc1-T3-P34;9.0;0.0;;0.0;;;b;3;Exp22DM08_inoc1_saisie_V2;Fichier total
Exp22DM08-Inoc1-T3-P34;7.0;1.0;9.0;0.0;;;c;3;Exp22DM08_inoc1_saisie_V2;Fichier total
Exp22DM08-Inoc1-T3-P34;9.0;0.0;;1.0;9.0;9.0;a;4;Exp22DM08_inoc1_saisie_V2;Fichier total
Exp22DM08-Inoc1-T3-P34;9.0;0.0;;0.0;;;b;4;Exp22DM08_inoc1_saisie_V2;Fichier total
Exp22DM08-Inoc1-T3-P34;9.0;0.0;;0.0;;;c;4;Exp22DM08_inoc1_saisie_V2;Fichier total
Exp22DM08-Inoc1-T3-P35;9.0;0.0;;0.0;;;a;1;Exp22DM08_inoc1_saisie_V2;Fichier total
Exp22DM08-Inoc1-T3-P35;9.0;0.0;;0.0;;;b;1;Exp22DM08_inoc1_saisie_V2;Fichier total
Exp22DM08-Inoc1-T3-P35;9.0;0.0;;0.0;;;c;1;Exp22DM08_inoc1_saisie_V2;Fichier total
Exp22DM08-Inoc1-T3-P35;9.0;0.0;;1.0;9.0;7.0;a;2;Exp22DM08_inoc1_saisie_V2;Fichier total
Exp22DM08-Inoc1-T3-P35;9.0;0.0;;1.0;7.0;7.0;b;2;Exp22DM08_inoc1_saisie_V2;Fichier total
Exp22DM08-Inoc1-T3-P35;9.0;0.0;;1.0;7.0;7.0;c;2;Exp22DM08_inoc1_saisie_V2;Fichier total
Exp22DM08-Inoc1-T3-P35;9.0;0.0;;1.0;7.0;7.0;a;3;Exp22DM08_inoc1_saisie_V2;Fichier total
Exp22DM08-Inoc1-T3-P35;9.0;0.0;;1.0;9.0;7.0;b;3;Exp22DM08_inoc1_saisie_V2;Fichier total
Exp22DM08-Inoc1-T3-P35;9.0;0.0;;1.0;7.0;7.0;c;3;Exp22DM08_inoc1_saisie_V2;Fichier total
Exp22DM08-Inoc1-T3-P35;9.0;0.0;;0.0;;;a;4;Exp22DM08_inoc1_saisie_V2;Fichier total
Exp22DM08-Inoc1-T3-P35;9.0;0.0;;0.0;;;b;4;Exp22DM08_inoc1_saisie_V2;Fichier total
Exp22DM08-Inoc1-T3-P35;9.0;0.0;;0.0;;;c;4;Exp22DM08_inoc1_saisie_V2;Fichier total
Exp22DM08-Inoc1-T3-P36;9.0;0.0;;1.0;7.0;9.0;a;1;Exp22DM08_inoc1_saisie_V2;Fichier total
Exp22DM08-Inoc1-T3-P36;9.0;0.0;;1.0;7.0;9.0;b;1;Exp22DM08_inoc1_saisie_V2;Fichier total
Exp22DM08-Inoc1-T3-P36;9.0;0.0;;1.0;9.0;9.0;c;1;Exp22DM08_inoc1_saisie_V2;Fichier total
Exp22DM08-Inoc1-T3-P36;9.0;0.0;;1.0;9.0;9.0;a;2;Exp22DM08_inoc1_saisie_V2;Fichier total
Exp22DM08-Inoc1-T3-P36;9.0;0.0;;1.0;9.0;9.0;b;2;Exp22DM08_inoc1_saisie_V2;Fichier total
Exp22DM08-Inoc1-T3-P36;9.0;0.0;;1.0;7.0;7.0;c;2;Exp22DM08_inoc1_saisie_V2;Fichier total
Exp22DM08-Inoc1-T3-P36;9.0;0.0;;1.0;7.0;9.0;a;3;Exp22DM08_inoc1_saisie_V2;Fichier total
Exp22DM08-Inoc1-T3-P36;9.0;0.0;;1.0;7.0;9.0;b;3;Exp22DM08_inoc1_saisie_V2;Fichier total
Exp22DM08-Inoc1-T3-P36;9.0;0.0;;1.0;7.0;9.0;c;3;Exp22DM08_inoc1_saisie_V2;Fichier total
Exp22DM08-Inoc1-T3-P36;9.0;0.0;;0.0;;;a;4;Exp22DM08_inoc1_saisie_V2;Fichier total
Exp22DM08-Inoc1-T3-P36;9.0;0.0;;0.0;;;b;4;Exp22DM08_inoc1_saisie_V2;Fichier total
Exp22DM08-Inoc1-T3-P36;9.0;0.0;;0.0;;;c;4;Exp22DM08_inoc1_saisie_V2;Fichier total
Exp22DM08-Inoc1-T3-P37;9.0;0.0;;1.0;9.0;7.0;a;1;Exp22DM08_inoc1_saisie_V2;Fichier total
Exp22DM08-Inoc1-T3-P37;9.0;0.0;;1.0;9.0;7.0;b;1;Exp22DM08_inoc1_saisie_V2;Fichier total
Exp22DM08-Inoc1-T3-P37;9.0;0.0;;0.0;;;c;1;Exp22DM08_inoc1_saisie_V2;Fichier total
Exp22DM08-Inoc1-T3-P37;9.0;0.0;;0.0;;;a;2;Exp22DM08_inoc1_saisie_V2;Fichier total
Exp22DM08-Inoc1-T3-P37;9.0;0.0;;0.0;;;b;2;Exp22DM08_inoc1_saisie_V2;Fichier total
Exp22DM08-Inoc1-T3-P37;9.0;0.0;;0.0;;;c;2;Exp22DM08_inoc1_saisie_V2;Fichier total
Exp22DM08-Inoc1-T3-P37;9.0;0.0;;1.0;9.0;7.0;a;3;Exp22DM08_inoc1_saisie_V2;Fichier total
Exp22DM08-Inoc1-T3-P37;9.0;0.0;;1.0;9.0;7.0;b;3;Exp22DM08_inoc1_saisie_V2;Fichier total
Exp22DM08-Inoc1-T3-P37;9.0;0.0;;1.0;9.0;7.0;c;3;Exp22DM08_inoc1_saisie_V2;Fichier total
Exp22DM08-Inoc1-T3-P37;9.0;0.0;;1.0;9.0;9.0;a;4;Exp22DM08_inoc1_saisie_V2;Fichier total
Exp22DM08-Inoc1-T3-P37;9.0;0.0;;0.0;;;b;4;Exp22DM08_inoc1_saisie_V2;Fichier total
Exp22DM08-Inoc1-T3-P37;9.0;0.0;;0.0;;;c;4;Exp22DM08_inoc1_saisie_V2;Fichier total
Exp22DM08-Inoc1-T3-P38;9.0;0.0;;0.0;;;a;1;Exp22DM08_inoc1_saisie_V2;Fichier total
Exp22DM08-Inoc1-T3-P38;9.0;0.0;;0.0;;;b;1;Exp22DM08_inoc1_saisie_V2;Fichier total
Exp22DM08-Inoc1-T3-P38;9.0;0.0;;0.0;;;c;1;Exp22DM08_inoc1_saisie_V2;Fichier total
Exp22DM08-Inoc1-T3-P38;9.0;0.0;;0.0;;;a;2;Exp22DM08_inoc1_saisie_V2;Fichier total
Exp22DM08-Inoc1-T3-P38;9.0;0.0;;0.0;;;b;2;Exp22DM08_inoc1_saisie_V2;Fichier total
Exp22DM08-Inoc1-T3-P38;9.0;0.0;;0.0;;;c;2;Exp22DM08_inoc1_saisie_V2;Fichier total
Exp22DM08-Inoc1-T3-P38;9.0;0.0;;0.0;;;a;3;Exp22DM08_inoc1_saisie_V2;Fichier total
Exp22DM08-Inoc1-T3-P38;9.0;0.0;;0.0;;;b;3;Exp22DM08_inoc1_saisie_V2;Fichier total
Exp22DM08-Inoc1-T3-P38;7.0;1.0;9.0;0.0;;;c;3;Exp22DM08_inoc1_saisie_V2;Fichier total
Exp22DM08-Inoc1-T3-P38;9.0;0.0;;0.0;;;a;4;Exp22DM08_inoc1_saisie_V2;Fichier total
Exp22DM08-Inoc1-T3-P38;9.0;0.0;;0.0;;;b;4;Exp22DM08_inoc1_saisie_V2;Fichier total
Exp22DM08-Inoc1-T3-P38;9.0;0.0;;0.0;;;c;4;Exp22DM08_inoc1_saisie_V2;Fichier total
Exp22DM08-Inoc1-T3-P39;9.0;0.0;;1.0;9.0;9.0;a;1;Exp22DM08_inoc1_saisie_V2;Fichier total
Exp22DM08-Inoc1-T3-P39;9.0;0.0;;1.0;9.0;9.0;b;1;Exp22DM08_inoc1_saisie_V2;Fichier total
Exp22DM08-Inoc1-T3-P39;9.0;0.0;;0.0;;;c;1;Exp22DM08_inoc1_saisie_V2;Fichier total
Exp22DM08-Inoc1-T3-P39;9.0;0.0;;0.0;;;a;2;Exp22DM08_inoc1_saisie_V2;Fichier total
Exp22DM08-Inoc1-T3-P39;9.0;0.0;;0.0;;;b;2;Exp22DM08_inoc1_saisie_V2;Fichier total
Exp22DM08-Inoc1-T3-P39;7.0;1.0;9.0;0.0;;;c;2;Exp22DM08_inoc1_saisie_V2;Fichier total
Exp22DM08-Inoc1-T3-P39;9.0;0.0;;0.0;;;a;3;Exp22DM08_inoc1_saisie_V2;Fichier total
Exp22DM08-Inoc1-T3-P39;9.0;0.0;;0.0;;;b;3;Exp22DM08_inoc1_saisie_V2;Fichier total
Exp22DM08-Inoc1-T3-P39;9.0;0.0;;0.0;;;c;3;Exp22DM08_inoc1_saisie_V2;Fichier total
Exp22DM08-Inoc1-T3-P39;9.0;0.0;;0.0;;;a;4;Exp22DM08_inoc1_saisie_V2;Fichier total
Exp22DM08-Inoc1-T3-P39;7.0;1.0;9.0;0.0;;;b;4;Exp22DM08_inoc1_saisie_V2;Fichier total
Exp22DM08-Inoc1-T3-P39;9.0;0.0;;0.0;;;c;4;Exp22DM08_inoc1_saisie_V2;Fichier total
Exp22DM08-Inoc1-T3-P40;7.0;1.0;9.0;1.0;9.0;7.0;a;1;Exp22DM08_inoc1_saisie_V2;Fichier total
Exp22DM08-Inoc1-T3-P40;9.0;0.0;;1.0;7.0;7.0;b;1;Exp22DM08_inoc1_saisie_V2;Fichier total
Exp22DM08-Inoc1-T3-P40;9.0;0.0;;1.0;7.0;7.0;c;1;Exp22DM08_inoc1_saisie_V2;Fichier total
Exp22DM08-Inoc1-T3-P40;9.0;0.0;;0.0;;;a;2;Exp22DM08_inoc1_saisie_V2;Fichier total
Exp22DM08-Inoc1-T3-P40;9.0;0.0;;1.0;9.0;7.0;b;2;Exp22DM08_inoc1_saisie_V2;Fichier total
Exp22DM08-Inoc1-T3-P40;9.0;0.0;;1.0;9.0;7.0;c;2;Exp22DM08_inoc1_saisie_V2;Fichier total
Exp22DM08-Inoc1-T3-P40;9.0;0.0;;0.0;;;a;3;Exp22DM08_inoc1_saisie_V2;Fichier total
Exp22DM08-Inoc1-T3-P40;9.0;0.0;;0.0;;;b;3;Exp22DM08_inoc1_saisie_V2;Fichier total
Exp22DM08-Inoc1-T3-P40;9.0;0.0;;0.0;;;c;3;Exp22DM08_inoc1_saisie_V2;Fichier total
Exp22DM08-Inoc1-T3-P40;9.0;0.0;;0.0;;;a;4;Exp22DM08_inoc1_saisie_V2;Fichier total
Exp22DM08-Inoc1-T3-P40;9.0;0.0;;0.0;;;b;4;Exp22DM08_inoc1_saisie_V2;Fichier total
Exp22DM08-Inoc1-T3-P40;9.0;0.0;;0.0;;;c;4;Exp22DM08_inoc1_saisie_V2;Fichier total
Exp22DM08-Inoc1-T3-P41;9.0;0.0;;0.0;;;a;1;Exp22DM08_inoc1_saisie_V2;Fichier total
Exp22DM08-Inoc1-T3-P41;9.0;0.0;;0.0;;;b;1;Exp22DM08_inoc1_saisie_V2;Fichier total
Exp22DM08-Inoc1-T3-P41;9.0;0.0;;0.0;;;c;1;Exp22DM08_inoc1_saisie_V2;Fichier total
Exp22DM08-Inoc1-T3-P41;7.0;1.0;9.0;0.0;;;a;2;Exp22DM08_inoc1_saisie_V2;Fichier total
Exp22DM08-Inoc1-T3-P41;7.0;1.0;9.0;1.0;9.0;7.0;b;2;Exp22DM08_inoc1_saisie_V2;Fichier total
Exp22DM08-Inoc1-T3-P41;9.0;0.0;;1.0;9.0;7.0;c;2;Exp22DM08_inoc1_saisie_V2;Fichier total
Exp22DM08-Inoc1-T3-P41;9.0;0.0;;1.0;9.0;9.0;a;3;Exp22DM08_inoc1_saisie_V2;Fichier total
Exp22DM08-Inoc1-T3-P41;9.0;0.0;;1.0;9.0;9.0;b;3;Exp22DM08_inoc1_saisie_V2;Fichier total
Exp22DM08-Inoc1-T3-P41;9.0;0.0;;0.0;;;c;3;Exp22DM08_inoc1_saisie_V2;Fichier total
Exp22DM08-Inoc1-T3-P41;9.0;0.0;;1.0;7.0;7.0;a;4;Exp22DM08_inoc1_saisie_V2;Fichier total
Exp22DM08-Inoc1-T3-P41;9.0;0.0;;1.0;7.0;7.0;b;4;Exp22DM08_inoc1_saisie_V2;Fichier total
Exp22DM08-Inoc1-T3-P41;9.0;0.0;;1.0;7.0;9.0;c;4;Exp22DM08_inoc1_saisie_V2;Fichier total
Exp22DM08-Inoc1-T3-P42;9.0;0.0;;1.0;9.0;9.0;a;1;Exp22DM08_inoc1_saisie_V2;Fichier total
Exp22DM08-Inoc1-T3-P42;9.0;0.0;;1.0;9.0;9.0;b;1;Exp22DM08_inoc1_saisie_V2;Fichier total
Exp22DM08-Inoc1-T3-P42;9.0;0.0;;0.0;;;c;1;Exp22DM08_inoc1_saisie_V2;Fichier total
Exp22DM08-Inoc1-T3-P42;7.0;1.0;9.0;0.0;;;a;2;Exp22DM08_inoc1_saisie_V2;Fichier total
Exp22DM08-Inoc1-T3-P42;7.0;1.0;9.0;0.0;;;b;2;Exp22DM08_inoc1_saisie_V2;Fichier total
Exp22DM08-Inoc1-T3-P42;7.0;1.0;9.0;0.0;;;c;2;Exp22DM08_inoc1_saisie_V2;Fichier total
Exp22DM08-Inoc1-T3-P42;7.0;1.0;9.0;0.0;;;a;3;Exp22DM08_inoc1_saisie_V2;Fichier total
Exp22DM08-Inoc1-T3-P42;7.0;1.0;9.0;0.0;;;b;3;Exp22DM08_inoc1_saisie_V2;Fichier total
Exp22DM08-Inoc1-T3-P42;9.0;0.0;;0.0;;;c;3;Exp22DM08_inoc1_saisie_V2;Fichier total
Exp22DM08-Inoc1-T3-P42;9.0;0.0;;1.0;7.0;9.0;a;4;Exp22DM08_inoc1_saisie_V2;Fichier total
Exp22DM08-Inoc1-T3-P42;9.0;0.0;;1.0;7.0;9.0;b;4;Exp22DM08_inoc1_saisie_V2;Fichier total
Exp22DM08-Inoc1-T3-P42;9.0;0.0;;1.0;7.0;9.0;c;4;Exp22DM08_inoc1_saisie_V2;Fichier total
Exp22DM08-Inoc1-T3-P43;9.0;0.0;;0.0;;;a;1;Exp22DM08_inoc1_saisie_V2;Fichier total
Exp22DM08-Inoc1-T3-P43;9.0;0.0;;0.0;;;b;1;Exp22DM08_inoc1_saisie_V2;Fichier total
Exp22DM08-Inoc1-T3-P43;9.0;0.0;;1.0;7.0;9.0;c;1;Exp22DM08_inoc1_saisie_V2;Fichier total
Exp22DM08-Inoc1-T3-P43;9.0;0.0;;1.0;7.0;9.0;a;2;Exp22DM08_inoc1_saisie_V2;Fichier total
Exp22DM08-Inoc1-T3-P43;9.0;0.0;;1.0;7.0;9.0;b;2;Exp22DM08_inoc1_saisie_V2;Fichier total
Exp22DM08-Inoc1-T3-P43;9.0;0.0;;1.0;9.0;9.0;c;2;Exp22DM08_inoc1_saisie_V2;Fichier total
Exp22DM08-Inoc1-T3-P43;9.0;0.0;;1.0;7.0;7.0;a;3;Exp22DM08_inoc1_saisie_V2;Fichier total
Exp22DM08-Inoc1-T3-P43;9.0;0.0;;0.0;;;b;3;Exp22DM08_inoc1_saisie_V2;Fichier total
Exp22DM08-Inoc1-T3-P43;9.0;0.0;;0.0;;;c;3;Exp22DM08_inoc1_saisie_V2;Fichier total
Exp22DM08-Inoc1-T3-P43;9.0;0.0;;1.0;9.0;9.0;a;4;Exp22DM08_inoc1_saisie_V2;Fichier total
Exp22DM08-Inoc1-T3-P43;9.0;0.0;;0.0;;;b;4;Exp22DM08_inoc1_saisie_V2;Fichier total
Exp22DM08-Inoc1-T3-P43;9.0;0.0;;0.0;;;c;4;Exp22DM08_inoc1_saisie_V2;Fichier total
Exp22DM08-Inoc1-T3-P44;9.0;0.0;;0.0;;;a;1;Exp22DM08_inoc1_saisie_V2;Fichier total
Exp22DM08-Inoc1-T3-P44;9.0;0.0;;0.0;;;b;1;Exp22DM08_inoc1_saisie_V2;Fichier total
Exp22DM08-Inoc1-T3-P44;9.0;0.0;;0.0;;;c;1;Exp22DM08_inoc1_saisie_V2;Fichier total
Exp22DM08-Inoc1-T3-P44;9.0;0.0;;0.0;;;a;2;Exp22DM08_inoc1_saisie_V2;Fichier total
Exp22DM08-Inoc1-T3-P44;9.0;0.0;;1.0;9.0;7.0;b;2;Exp22DM08_inoc1_saisie_V2;Fichier total
Exp22DM08-Inoc1-T3-P44;9.0;0.0;;0.0;;;c;2;Exp22DM08_inoc1_saisie_V2;Fichier total
Exp22DM08-Inoc1-T3-P44;9.0;0.0;;0.0;;;a;3;Exp22DM08_inoc1_saisie_V2;Fichier total
Exp22DM08-Inoc1-T3-P44;9.0;0.0;;0.0;;;b;3;Exp22DM08_inoc1_saisie_V2;Fichier total
Exp22DM08-Inoc1-T3-P44;9.0;0.0;;0.0;;;c;3;Exp22DM08_inoc1_saisie_V2;Fichier total
Exp22DM08-Inoc1-T3-P44;9.0;0.0;;0.0;;;a;4;Exp22DM08_inoc1_saisie_V2;Fichier total
Exp22DM08-Inoc1-T3-P44;9.0;0.0;;0.0;;;b;4;Exp22DM08_inoc1_saisie_V2;Fichier total
Exp22DM08-Inoc1-T3-P44;9.0;0.0;;0.0;;;c;4;Exp22DM08_inoc1_saisie_V2;Fichier total
Exp22DM08-Inoc1-T3-P45;9.0;0.0;;0.0;;;a;1;Exp22DM08_inoc1_saisie_V2;Fichier total
Exp22DM08-Inoc1-T3-P45;9.0;0.0;;0.0;;;b;1;Exp22DM08_inoc1_saisie_V2;Fichier total
Exp22DM08-Inoc1-T3-P45;9.0;0.0;;0.0;;;c;1;Exp22DM08_inoc1_saisie_V2;Fichier total
Exp22DM08-Inoc1-T3-P45;9.0;0.0;;0.0;;;a;2;Exp22DM08_inoc1_saisie_V2;Fichier total
Exp22DM08-Inoc1-T3-P45;9.0;0.0;;0.0;;;b;2;Exp22DM08_inoc1_saisie_V2;Fichier total
Exp22DM08-Inoc1-T3-P45;9.0;0.0;;0.0;;;c;2;Exp22DM08_inoc1_saisie_V2;Fichier total
Exp22DM08-Inoc1-T3-P45;9.0;0.0;;1.0;9.0;9.0;a;3;Exp22DM08_inoc1_saisie_V2;Fichier total
Exp22DM08-Inoc1-T3-P45;9.0;0.0;;1.0;9.0;9.0;b;3;Exp22DM08_inoc1_saisie_V2;Fichier total
Exp22DM08-Inoc1-T3-P45;9.0;0.0;;1.0;9.0;9.0;c;3;Exp22DM08_inoc1_saisie_V2;Fichier total
Exp22DM08-Inoc1-T3-P45;9.0;0.0;;0.0;;;a;4;Exp22DM08_inoc1_saisie_V2;Fichier total
Exp22DM08-Inoc1-T3-P45;9.0;0.0;;1.0;9.0;9.0;b;4;Exp22DM08_inoc1_saisie_V2;Fichier total
Exp22DM08-Inoc1-T3-P45;9.0;0.0;;0.0;;;c;4;Exp22DM08_inoc1_saisie_V2;Fichier total
Exp22DM08-Inoc1-T3-P46;9.0;0.0;;1.0;7.0;7.0;a;1;Exp22DM08_inoc1_saisie_V2;Fichier total
Exp22DM08-Inoc1-T3-P46;9.0;0.0;;1.0;7.0;7.0;b;1;Exp22DM08_inoc1_saisie_V2;Fichier total
Exp22DM08-Inoc1-T3-P46;9.0;0.0;;1.0;7.0;9.0;c;1;Exp22DM08_inoc1_saisie_V2;Fichier total
Exp22DM08-Inoc1-T3-P46;9.0;0.0;;0.0;;;a;2;Exp22DM08_inoc1_saisie_V2;Fichier total
Exp22DM08-Inoc1-T3-P46;9.0;0.0;;0.0;;;b;2;Exp22DM08_inoc1_saisie_V2;Fichier total
Exp22DM08-Inoc1-T3-P46;9.0;0.0;;0.0;;;c;2;Exp22DM08_inoc1_saisie_V2;Fichier total
Exp22DM08-Inoc1-T3-P46;9.0;0.0;;0.0;;;a;3;Exp22DM08_inoc1_saisie_V2;Fichier total
Exp22DM08-Inoc1-T3-P46;9.0;0.0;;0.0;;;b;3;Exp22DM08_inoc1_saisie_V2;Fichier total
Exp22DM08-Inoc1-T3-P46;9.0;0.0;;0.0;;;c;3;Exp22DM08_inoc1_saisie_V2;Fichier total
Exp22DM08-Inoc1-T3-P46;9.0;0.0;;0.0;;;a;4;Exp22DM08_inoc1_saisie_V2;Fichier total
Exp22DM08-Inoc1-T3-P46;9.0;0.0;;0.0;;;b;4;Exp22DM08_inoc1_saisie_V2;Fichier total
Exp22DM08-Inoc1-T3-P46;9.0;0.0;;0.0;;;c;4;Exp22DM08_inoc1_saisie_V2;Fichier total
Exp22DM08-Inoc1-T3-P47;9.0;0.0;;0.0;;;a;1;Exp22DM08_inoc1_saisie_V2;Fichier total
Exp22DM08-Inoc1-T3-P47;9.0;0.0;;0.0;;;b;1;Exp22DM08_inoc1_saisie_V2;Fichier total
Exp22DM08-Inoc1-T3-P47;9.0;0.0;;0.0;;;c;1;Exp22DM08_inoc1_saisie_V2;Fichier total
Exp22DM08-Inoc1-T3-P47;9.0;0.0;;0.0;;;a;2;Exp22DM08_inoc1_saisie_V2;Fichier total
Exp22DM08-Inoc1-T3-P47;9.0;0.0;;0.0;;;b;2;Exp22DM08_inoc1_saisie_V2;Fichier total
Exp22DM08-Inoc1-T3-P47;9.0;0.0;;0.0;;;c;2;Exp22DM08_inoc1_saisie_V2;Fichier total
Exp22DM08-Inoc1-T3-P47;7.0;1.0;9.0;0.0;;;a;3;Exp22DM08_inoc1_saisie_V2;Fichier total
Exp22DM08-Inoc1-T3-P47;7.0;1.0;9.0;0.0;;;b;3;Exp22DM08_inoc1_saisie_V2;Fichier total
Exp22DM08-Inoc1-T3-P47;7.0;1.0;9.0;0.0;;;c;3;Exp22DM08_inoc1_saisie_V2;Fichier total
Exp22DM08-Inoc1-T3-P47;9.0;0.0;;1.0;9.0;9.0;a;4;Exp22DM08_inoc1_saisie_V2;Fichier total
Exp22DM08-Inoc1-T3-P47;9.0;0.0;;1.0;9.0;9.0;b;4;Exp22DM08_inoc1_saisie_V2;Fichier total
Exp22DM08-Inoc1-T3-P47;9.0;0.0;;1.0;9.0;9.0;c;4;Exp22DM08_inoc1_saisie_V2;Fichier total
Exp22DM08-Inoc1-T3-P48;9.0;0.0;;1.0;9.0;9.0;a;1;Exp22DM08_inoc1_saisie_V2;Fichier total
Exp22DM08-Inoc1-T3-P48;9.0;0.0;;1.0;9.0;9.0;b;1;Exp22DM08_inoc1_saisie_V2;Fichier total
Exp22DM08-Inoc1-T3-P48;9.0;0.0;;1.0;9.0;9.0;c;1;Exp22DM08_inoc1_saisie_V2;Fichier total
Exp22DM08-Inoc1-T3-P48;9.0;0.0;;0.0;;;a;2;Exp22DM08_inoc1_saisie_V2;Fichier total
Exp22DM08-Inoc1-T3-P48;9.0;0.0;;0.0;;;b;2;Exp22DM08_inoc1_saisie_V2;Fichier total
Exp22DM08-Inoc1-T3-P48;9.0;0.0;;0.0;;;c;2;Exp22DM08_inoc1_saisie_V2;Fichier total
Exp22DM08-Inoc1-T3-P48;9.0;0.0;;0.0;;;a;3;Exp22DM08_inoc1_saisie_V2;Fichier total
Exp22DM08-Inoc1-T3-P48;9.0;0.0;;0.0;;;b;3;Exp22DM08_inoc1_saisie_V2;Fichier total
Exp22DM08-Inoc1-T3-P48;9.0;0.0;;1.0;9.0;9.0;c;3;Exp22DM08_inoc1_saisie_V2;Fichier total
Exp22DM08-Inoc1-T3-P48;9.0;0.0;;0.0;;;a;4;Exp22DM08_inoc1_saisie_V2;Fichier total
Exp22DM08-Inoc1-T3-P48;9.0;0.0;;0.0;;;b;4;Exp22DM08_inoc1_saisie_V2;Fichier total
Exp22DM08-Inoc1-T3-P48;9.0;0.0;;0.0;;;c;4;Exp22DM08_inoc1_saisie_V2;Fichier total
Exp22DM08-Inoc1-T3-P49;9.0;0.0;;1.0;9.0;9.0;a;1;Exp22DM08_inoc1_saisie_V2;Fichier total
Exp22DM08-Inoc1-T3-P49;9.0;0.0;;1.0;9.0;7.0;b;1;Exp22DM08_inoc1_saisie_V2;Fichier total
Exp22DM08-Inoc1-T3-P49;9.0;0.0;;1.0;9.0;9.0;c;1;Exp22DM08_inoc1_saisie_V2;Fichier total
Exp22DM08-Inoc1-T3-P49;9.0;0.0;;1.0;9.0;7.0;a;2;Exp22DM08_inoc1_saisie_V2;Fichier total
Exp22DM08-Inoc1-T3-P49;9.0;0.0;;1.0;9.0;7.0;b;2;Exp22DM08_inoc1_saisie_V2;Fichier total
Exp22DM08-Inoc1-T3-P49;9.0;0.0;;1.0;9.0;9.0;c;2;Exp22DM08_inoc1_saisie_V2;Fichier total
Exp22DM08-Inoc1-T3-P49;9.0;0.0;;1.0;9.0;9.0;a;3;Exp22DM08_inoc1_saisie_V2;Fichier total
Exp22DM08-Inoc1-T3-P49;7.0;1.0;9.0;1.0;9.0;9.0;b;3;Exp22DM08_inoc1_saisie_V2;Fichier total
Exp22DM08-Inoc1-T3-P49;9.0;0.0;;1.0;7.0;9.0;c;3;Exp22DM08_inoc1_saisie_V2;Fichier total
Exp22DM08-Inoc1-T3-P49;9.0;0.0;;1.0;7.0;7.0;a;4;Exp22DM08_inoc1_saisie_V2;Fichier total
Exp22DM08-Inoc1-T3-P49;9.0;0.0;;1.0;9.0;7.0;b;4;Exp22DM08_inoc1_saisie_V2;Fichier total
Exp22DM08-Inoc1-T3-P49;9.0;0.0;;1.0;7.0;7.0;c;4;Exp22DM08_inoc1_saisie_V2;Fichier total
Exp22DM08-Inoc1-T3-P50;9.0;0.0;;0.0;;;a;1;Exp22DM08_inoc1_saisie_V2;Fichier total
Exp22DM08-Inoc1-T3-P50;9.0;0.0;;0.0;;;b;1;Exp22DM08_inoc1_saisie_V2;Fichier total
Exp22DM08-Inoc1-T3-P50;9.0;0.0;;0.0;;;c;1;Exp22DM08_inoc1_saisie_V2;Fichier total
Exp22DM08-Inoc1-T3-P50;9.0;0.0;;0.0;;;a;2;Exp22DM08_inoc1_saisie_V2;Fichier total
Exp22DM08-Inoc1-T3-P50;9.0;0.0;;0.0;;;b;2;Exp22DM08_inoc1_saisie_V2;Fichier total
Exp22DM08-Inoc1-T3-P50;9.0;0.0;;0.0;;;c;2;Exp22DM08_inoc1_saisie_V2;Fichier total
Exp22DM08-Inoc1-T3-P50;9.0;0.0;;0.0;;;a;3;Exp22DM08_inoc1_saisie_V2;Fichier total
Exp22DM08-Inoc1-T3-P50;9.0;0.0;;0.0;;;b;3;Exp22DM08_inoc1_saisie_V2;Fichier total
Exp22DM08-Inoc1-T3-P50;7.0;1.0;9.0;1.0;9.0;9.0;c;3;Exp22DM08_inoc1_saisie_V2;Fichier total
Exp22DM08-Inoc1-T3-P50;7.0;1.0;9.0;0.0;;;a;4;Exp22DM08_inoc1_saisie_V2;Fichier total
Exp22DM08-Inoc1-T3-P50;9.0;0.0;;0.0;;;b;4;Exp22DM08_inoc1_saisie_V2;Fichier total
Exp22DM08-Inoc1-T3-P50;9.0;0.0;;0.0;;;c;4;Exp22DM08_inoc1_saisie_V2;Fichier total
Exp22DM08-Inoc1-T3-P51;9.0;0.0;;1.0;9.0;7.0;a;1;Exp22DM08_inoc1_saisie_V2;Fichier total
Exp22DM08-Inoc1-T3-P51;9.0;0.0;;1.0;7.0;9.0;b;1;Exp22DM08_inoc1_saisie_V2;Fichier total
Exp22DM08-Inoc1-T3-P51;9.0;0.0;;1.0;7.0;9.0;c;1;Exp22DM08_inoc1_saisie_V2;Fichier total
Exp22DM08-Inoc1-T3-P51;7.0;1.0;9.0;1.0;7.0;9.0;a;2;Exp22DM08_inoc1_saisie_V2;Fichier total
Exp22DM08-Inoc1-T3-P51;7.0;1.0;9.0;1.0;9.0;9.0;b;2;Exp22DM08_inoc1_saisie_V2;Fichier total
Exp22DM08-Inoc1-T3-P51;7.0;1.0;9.0;1.0;9.0;9.0;c;2;Exp22DM08_inoc1_saisie_V2;Fichier total
Exp22DM08-Inoc1-T3-P51;9.0;0.0;;1.0;9.0;7.0;a;3;Exp22DM08_inoc1_saisie_V2;Fichier total
Exp22DM08-Inoc1-T3-P51;9.0;0.0;;1.0;9.0;7.0;b;3;Exp22DM08_inoc1_saisie_V2;Fichier total
Exp22DM08-Inoc1-T3-P51;9.0;0.0;;1.0;9.0;7.0;c;3;Exp22DM08_inoc1_saisie_V2;Fichier total
Exp22DM08-Inoc1-T3-P51;9.0;0.0;;0.0;;;a;4;Exp22DM08_inoc1_saisie_V2;Fichier total
Exp22DM08-Inoc1-T3-P51;9.0;0.0;;0.0;;;b;4;Exp22DM08_inoc1_saisie_V2;Fichier total
Exp22DM08-Inoc1-T3-P51;9.0;0.0;;0.0;;;c;4;Exp22DM08_inoc1_saisie_V2;Fichier total
Exp22DM08-Inoc1-T3-P52;9.0;0.0;;0.0;;;a;1;Exp22DM08_inoc1_saisie_V2;Fichier total
Exp22DM08-Inoc1-T3-P52;9.0;0.0;;0.0;;;b;1;Exp22DM08_inoc1_saisie_V2;Fichier total
Exp22DM08-Inoc1-T3-P52;9.0;0.0;;0.0;;;c;1;Exp22DM08_inoc1_saisie_V2;Fichier total
Exp22DM08-Inoc1-T3-P52;9.0;0.0;;0.0;;;a;2;Exp22DM08_inoc1_saisie_V2;Fichier total
Exp22DM08-Inoc1-T3-P52;9.0;0.0;;1.0;9.0;9.0;b;2;Exp22DM08_inoc1_saisie_V2;Fichier total
Exp22DM08-Inoc1-T3-P52;9.0;0.0;;1.0;7.0;9.0;c;2;Exp22DM08_inoc1_saisie_V2;Fichier total
Exp22DM08-Inoc1-T3-P52;9.0;0.0;;0.0;;;a;3;Exp22DM08_inoc1_saisie_V2;Fichier total
Exp22DM08-Inoc1-T3-P52;9.0;0.0;;0.0;;;b;3;Exp22DM08_inoc1_saisie_V2;Fichier total
Exp22DM08-Inoc1-T3-P52;9.0;0.0;;0.0;;;c;3;Exp22DM08_inoc1_saisie_V2;Fichier total
Exp22DM08-Inoc1-T3-P52;9.0;0.0;;1.0;9.0;9.0;a;4;Exp22DM08_inoc1_saisie_V2;Fichier total
Exp22DM08-Inoc1-T3-P52;9.0;0.0;;1.0;9.0;7.0;b;4;Exp22DM08_inoc1_saisie_V2;Fichier total
Exp22DM08-Inoc1-T3-P52;9.0;0.0;;1.0;7.0;7.0;c;4;Exp22DM08_inoc1_saisie_V2;Fichier total
Exp22DM08-Inoc1-T3-P53;9.0;0.0;;1.0;9.0;9.0;a;1;Exp22DM08_inoc1_saisie_V2;Fichier total
Exp22DM08-Inoc1-T3-P53;9.0;0.0;;1.0;7.0;7.0;b;1;Exp22DM08_inoc1_saisie_V2;Fichier total
Exp22DM08-Inoc1-T3-P53;9.0;0.0;;1.0;7.0;7.0;c;1;Exp22DM08_inoc1_saisie_V2;Fichier total
Exp22DM08-Inoc1-T3-P53;9.0;0.0;;0.0;;;a;2;Exp22DM08_inoc1_saisie_V2;Fichier total
Exp22DM08-Inoc1-T3-P53;9.0;0.0;;1.0;9.0;7.0;b;2;Exp22DM08_inoc1_saisie_V2;Fichier total
Exp22DM08-Inoc1-T3-P53;9.0;0.0;;1.0;9.0;9.0;c;2;Exp22DM08_inoc1_saisie_V2;Fichier total
Exp22DM08-Inoc1-T3-P53;9.0;0.0;;0.0;;;a;3;Exp22DM08_inoc1_saisie_V2;Fichier total
Exp22DM08-Inoc1-T3-P53;9.0;0.0;;0.0;;;b;3;Exp22DM08_inoc1_saisie_V2;Fichier total
Exp22DM08-Inoc1-T3-P53;7.0;1.0;9.0;0.0;;;c;3;Exp22DM08_inoc1_saisie_V2;Fichier total
Exp22DM08-Inoc1-T3-P53;9.0;0.0;;0.0;;;a;4;Exp22DM08_inoc1_saisie_V2;Fichier total
Exp22DM08-Inoc1-T3-P53;9.0;0.0;;0.0;;;b;4;Exp22DM08_inoc1_saisie_V2;Fichier total
Exp22DM08-Inoc1-T3-P53;9.0;0.0;;1.0;7.0;7.0;c;4;Exp22DM08_inoc1_saisie_V2;Fichier total
Exp22DM08-Inoc1-T3-P54;9.0;0.0;;0.0;;;a;1;Exp22DM08_inoc1_saisie_V2;Fichier total
Exp22DM08-Inoc1-T3-P54;9.0;0.0;;1.0;9.0;9.0;b;1;Exp22DM08_inoc1_saisie_V2;Fichier total
Exp22DM08-Inoc1-T3-P54;9.0;0.0;;0.0;;;c;1;Exp22DM08_inoc1_saisie_V2;Fichier total
Exp22DM08-Inoc1-T3-P54;9.0;0.0;;1.0;7.0;9.0;a;2;Exp22DM08_inoc1_saisie_V2;Fichier total
Exp22DM08-Inoc1-T3-P54;9.0;0.0;;1.0;7.0;9.0;b;2;Exp22DM08_inoc1_saisie_V2;Fichier total
Exp22DM08-Inoc1-T3-P54;9.0;0.0;;1.0;9.0;9.0;c;2;Exp22DM08_inoc1_saisie_V2;Fichier total
Exp22DM08-Inoc1-T3-P54;9.0;0.0;;1.0;9.0;9.0;a;3;Exp22DM08_inoc1_saisie_V2;Fichier total
Exp22DM08-Inoc1-T3-P54;7.0;1.0;9.0;0.0;;;b;3;Exp22DM08_inoc1_saisie_V2;Fichier total
Exp22DM08-Inoc1-T3-P54;9.0;0.0;;0.0;;;c;3;Exp22DM08_inoc1_saisie_V2;Fichier total
Exp22DM08-Inoc1-T3-P54;9.0;0.0;;0.0;;;a;4;Exp22DM08_inoc1_saisie_V2;Fichier total
Exp22DM08-Inoc1-T3-P54;9.0;0.0;;1.0;9.0;9.0;b;4;Exp22DM08_inoc1_saisie_V2;Fichier total
Exp22DM08-Inoc1-T3-P54;9.0;0.0;;1.0;9.0;9.0;c;4;Exp22DM08_inoc1_saisie_V2;Fichier total
Exp22DM08-Inoc1-T3-P55;9.0;0.0;;0.0;;;a;1;Exp22DM08_inoc1_saisie_V2;Fichier total
Exp22DM08-Inoc1-T3-P55;9.0;0.0;;0.0;;;b;1;Exp22DM08_inoc1_saisie_V2;Fichier total
Exp22DM08-Inoc1-T3-P55;9.0;0.0;;0.0;;;c;1;Exp22DM08_inoc1_saisie_V2;Fichier total
Exp22DM08-Inoc1-T3-P55;9.0;0.0;;0.0;;;a;2;Exp22DM08_inoc1_saisie_V2;Fichier total
Exp22DM08-Inoc1-T3-P55;9.0;0.0;;0.0;;;b;2;Exp22DM08_inoc1_saisie_V2;Fichier total
Exp22DM08-Inoc1-T3-P55;9.0;0.0;;0.0;;;c;2;Exp22DM08_inoc1_saisie_V2;Fichier total
Exp22DM08-Inoc1-T3-P55;9.0;0.0;;0.0;;;a;3;Exp22DM08_inoc1_saisie_V2;Fichier total
Exp22DM08-Inoc1-T3-P55;9.0;0.0;;0.0;;;b;3;Exp22DM08_inoc1_saisie_V2;Fichier total
Exp22DM08-Inoc1-T3-P55;9.0;0.0;;0.0;;;c;3;Exp22DM08_inoc1_saisie_V2;Fichier total
Exp22DM08-Inoc1-T3-P55;9.0;0.0;;0.0;;;a;4;Exp22DM08_inoc1_saisie_V2;Fichier total
Exp22DM08-Inoc1-T3-P55;9.0;0.0;;0.0;;;b;4;Exp22DM08_inoc1_saisie_V2;Fichier total
Exp22DM08-Inoc1-T3-P55;9.0;0.0;;0.0;;;c;4;Exp22DM08_inoc1_saisie_V2;Fichier total
Exp22DM08-Inoc1-T3-P56;9.0;0.0;;0.0;;;a;1;Exp22DM08_inoc1_saisie_V2;Fichier total
Exp22DM08-Inoc1-T3-P56;9.0;0.0;;0.0;;;b;1;Exp22DM08_inoc1_saisie_V2;Fichier total
Exp22DM08-Inoc1-T3-P56;9.0;0.0;;0.0;;;c;1;Exp22DM08_inoc1_saisie_V2;Fichier total
Exp22DM08-Inoc1-T3-P56;9.0;0.0;;1.0;9.0;9.0;a;2;Exp22DM08_inoc1_saisie_V2;Fichier total
Exp22DM08-Inoc1-T3-P56;9.0;0.0;;0.0;;;b;2;Exp22DM08_inoc1_saisie_V2;Fichier total
Exp22DM08-Inoc1-T3-P56;9.0;0.0;;1.0;9.0;9.0;c;2;Exp22DM08_inoc1_saisie_V2;Fichier total
Exp22DM08-Inoc1-T3-P56;9.0;0.0;;0.0;;;a;3;Exp22DM08_inoc1_saisie_V2;Fichier total
Exp22DM08-Inoc1-T3-P56;9.0;0.0;;1.0;9.0;7.0;b;3;Exp22DM08_inoc1_saisie_V2;Fichier total
Exp22DM08-Inoc1-T3-P56;9.0;0.0;;0.0;;;c;3;Exp22DM08_inoc1_saisie_V2;Fichier total
Exp22DM08-Inoc1-T3-P56;9.0;0.0;;0.0;;;a;4;Exp22DM08_inoc1_saisie_V2;Fichier total
Exp22DM08-Inoc1-T3-P56;9.0;0.0;;0.0;;;b;4;Exp22DM08_inoc1_saisie_V2;Fichier total
Exp22DM08-Inoc1-T3-P56;9.0;0.0;;0.0;;;c;4;Exp22DM08_inoc1_saisie_V2;Fichier total
Exp22DM08-Inoc1-T3-P57;9.0;0.0;;0.0;;;a;1;Exp22DM08_inoc1_saisie_V2;Fichier total
Exp22DM08-Inoc1-T3-P57;9.0;0.0;;0.0;;;b;1;Exp22DM08_inoc1_saisie_V2;Fichier total
Exp22DM08-Inoc1-T3-P57;9.0;0.0;;0.0;;;c;1;Exp22DM08_inoc1_saisie_V2;Fichier total
Exp22DM08-Inoc1-T3-P57;9.0;0.0;;0.0;;;a;2;Exp22DM08_inoc1_saisie_V2;Fichier total
Exp22DM08-Inoc1-T3-P57;9.0;0.0;;0.0;;;b;2;Exp22DM08_inoc1_saisie_V2;Fichier total
Exp22DM08-Inoc1-T3-P57;7.0;1.0;7.0;0.0;;;c;2;Exp22DM08_inoc1_saisie_V2;Fichier total
Exp22DM08-Inoc1-T3-P57;9.0;0.0;;0.0;;;a;3;Exp22DM08_inoc1_saisie_V2;Fichier total
Exp22DM08-Inoc1-T3-P57;9.0;0.0;;0.0;;;b;3;Exp22DM08_inoc1_saisie_V2;Fichier total
Exp22DM08-Inoc1-T3-P57;9.0;0.0;;0.0;;;c;3;Exp22DM08_inoc1_saisie_V2;Fichier total
Exp22DM08-Inoc1-T3-P57;9.0;0.0;;0.0;;;a;4;Exp22DM08_inoc1_saisie_V2;Fichier total
Exp22DM08-Inoc1-T3-P57;9.0;0.0;;0.0;;;b;4;Exp22DM08_inoc1_saisie_V2;Fichier total
Exp22DM08-Inoc1-T3-P57;9.0;0.0;;0.0;;;c;4;Exp22DM08_inoc1_saisie_V2;Fichier total
Exp22DM08-Inoc1-T3-P58;9.0;0.0;;0.0;;;a;1;Exp22DM08_inoc1_saisie_V2;Fichier total
Exp22DM08-Inoc1-T3-P58;9.0;0.0;;0.0;;;b;1;Exp22DM08_inoc1_saisie_V2;Fichier total
Exp22DM08-Inoc1-T3-P58;9.0;0.0;;0.0;;;c;1;Exp22DM08_inoc1_saisie_V2;Fichier total
Exp22DM08-Inoc1-T3-P58;9.0;0.0;;0.0;;;a;2;Exp22DM08_inoc1_saisie_V2;Fichier total
Exp22DM08-Inoc1-T3-P58;9.0;0.0;;0.0;;;b;2;Exp22DM08_inoc1_saisie_V2;Fichier total
Exp22DM08-Inoc1-T3-P58;9.0;0.0;;0.0;;;c;2;Exp22DM08_inoc1_saisie_V2;Fichier total
Exp22DM08-Inoc1-T3-P58;9.0;0.0;;0.0;;;a;3;Exp22DM08_inoc1_saisie_V2;Fichier total
Exp22DM08-Inoc1-T3-P58;9.0;0.0;;0.0;;;b;3;Exp22DM08_inoc1_saisie_V2;Fichier total
Exp22DM08-Inoc1-T3-P58;9.0;0.0;;0.0;;;c;3;Exp22DM08_inoc1_saisie_V2;Fichier total
Exp22DM08-Inoc1-T3-P58;9.0;0.0;;0.0;;;a;4;Exp22DM08_inoc1_saisie_V2;Fichier total
Exp22DM08-Inoc1-T3-P58;9.0;0.0;;0.0;;;b;4;Exp22DM08_inoc1_saisie_V2;Fichier total
Exp22DM08-Inoc1-T3-P58;9.0;0.0;;0.0;;;c;4;Exp22DM08_inoc1_saisie_V2;Fichier total
Exp22DM08-Inoc1-T3-P59;9.0;0.0;;1.0;9.0;9.0;a;1;Exp22DM08_inoc1_saisie_V2;Fichier total
Exp22DM08-Inoc1-T3-P59;9.0;0.0;;1.0;9.0;9.0;b;1;Exp22DM08_inoc1_saisie_V2;Fichier total
Exp22DM08-Inoc1-T3-P59;9.0;0.0;;0.0;;;c;1;Exp22DM08_inoc1_saisie_V2;Fichier total
Exp22DM08-Inoc1-T3-P59;9.0;0.0;;0.0;;;a;2;Exp22DM08_inoc1_saisie_V2;Fichier total
Exp22DM08-Inoc1-T3-P59;9.0;0.0;;1.0;9.0;9.0;b;2;Exp22DM08_inoc1_saisie_V2;Fichier total
Exp22DM08-Inoc1-T3-P59;9.0;0.0;;0.0;;;c;2;Exp22DM08_inoc1_saisie_V2;Fichier total
Exp22DM08-Inoc1-T3-P60;9.0;0.0;;1.0;9.0;9.0;a;1;Exp22DM08_inoc1_saisie_V2;Fichier total
Exp22DM08-Inoc1-T3-P60;9.0;0.0;;1.0;9.0;9.0;b;1;Exp22DM08_inoc1_saisie_V2;Fichier total
Exp22DM08-Inoc1-T3-P60;9.0;0.0;;1.0;9.0;7.0;c;1;Exp22DM08_inoc1_saisie_V2;Fichier total
Exp22DM08-Inoc1-T3-P60;9.0;0.0;;0.0;;;a;2;Exp22DM08_inoc1_saisie_V2;Fichier total
Exp22DM08-Inoc1-T3-P60;9.0;0.0;;0.0;;;b;2;Exp22DM08_inoc1_saisie_V2;Fichier total
Exp22DM08-Inoc1-T3-P60;9.0;0.0;;0.0;;;c;2;Exp22DM08_inoc1_saisie_V2;Fichier total
Exp22DM08-Inoc1-T3-P60;9.0;0.0;;1.0;9.0;7.0;a;3;Exp22DM08_inoc1_saisie_V2;Fichier total
Exp22DM08-Inoc1-T3-P60;9.0;0.0;;1.0;9.0;7.0;b;3;Exp22DM08_inoc1_saisie_V2;Fichier total
Exp22DM08-Inoc1-T3-P60;9.0;0.0;;1.0;9.0;7.0;c;3;Exp22DM08_inoc1_saisie_V2;Fichier total
Exp22DM08-Inoc1-T3-P60;9.0;0.0;;1.0;7.0;7.0;a;4;Exp22DM08_inoc1_saisie_V2;Fichier total
Exp22DM08-Inoc1-T3-P60;9.0;0.0;;1.0;7.0;7.0;b;4;Exp22DM08_inoc1_saisie_V2;Fichier total
Exp22DM08-Inoc1-T3-P60;9.0;0.0;;1.0;7.0;9.0;c;4;Exp22DM08_inoc1_saisie_V2;Fichier total
Exp22DM08-Inoc1-T3-P61;9.0;0.0;;1.0;7.0;9.0;a;1;Exp22DM08_inoc1_saisie_V2;Fichier total
Exp22DM08-Inoc1-T3-P61;9.0;0.0;;1.0;9.0;9.0;b;1;Exp22DM08_inoc1_saisie_V2;Fichier total
Exp22DM08-Inoc1-T3-P61;9.0;0.0;;1.0;9.0;9.0;c;1;Exp22DM08_inoc1_saisie_V2;Fichier total
Exp22DM08-Inoc1-T3-P61;9.0;0.0;;1.0;9.0;9.0;a;2;Exp22DM08_inoc1_saisie_V2;Fichier total
Exp22DM08-Inoc1-T3-P61;9.0;0.0;;1.0;9.0;9.0;b;2;Exp22DM08_inoc1_saisie_V2;Fichier total
Exp22DM08-Inoc1-T3-P61;9.0;0.0;;1.0;9.0;9.0;c;2;Exp22DM08_inoc1_saisie_V2;Fichier total
Exp22DM08-Inoc1-T3-P61;9.0;0.0;;0.0;;;a;3;Exp22DM08_inoc1_saisie_V2;Fichier total
Exp22DM08-Inoc1-T3-P61;9.0;0.0;;0.0;;;b;3;Exp22DM08_inoc1_saisie_V2;Fichier total
Exp22DM08-Inoc1-T3-P61;9.0;0.0;;0.0;;;c;3;Exp22DM08_inoc1_saisie_V2;Fichier total
Exp22DM08-Inoc1-T3-P61;9.0;0.0;;1.0;9.0;9.0;a;4;Exp22DM08_inoc1_saisie_V2;Fichier total
Exp22DM08-Inoc1-T3-P61;9.0;0.0;;0.0;;;b;4;Exp22DM08_inoc1_saisie_V2;Fichier total
Exp22DM08-Inoc1-T3-P61;9.0;0.0;;0.0;;;c;4;Exp22DM08_inoc1_saisie_V2;Fichier total
Exp22DM08-Inoc1-T3-P62;9.0;0.0;;1.0;9.0;7.0;a;1;Exp22DM08_inoc1_saisie_V2;Fichier total
Exp22DM08-Inoc1-T3-P62;9.0;0.0;;1.0;9.0;7.0;b;1;Exp22DM08_inoc1_saisie_V2;Fichier total
Exp22DM08-Inoc1-T3-P62;9.0;0.0;;1.0;9.0;5.0;c;1;Exp22DM08_inoc1_saisie_V2;Fichier total
Exp22DM08-Inoc1-T3-P62;9.0;0.0;;1.0;9.0;9.0;a;2;Exp22DM08_inoc1_saisie_V2;Fichier total
Exp22DM08-Inoc1-T3-P62;9.0;0.0;;1.0;9.0;9.0;b;2;Exp22DM08_inoc1_saisie_V2;Fichier total
Exp22DM08-Inoc1-T3-P62;9.0;0.0;;1.0;7.0;9.0;c;2;Exp22DM08_inoc1_saisie_V2;Fichier total
Exp22DM08-Inoc1-T3-P62;9.0;0.0;;0.0;;;a;3;Exp22DM08_inoc1_saisie_V2;Fichier total
Exp22DM08-Inoc1-T3-P62;7.0;1.0;9.0;0.0;;;b;3;Exp22DM08_inoc1_saisie_V2;Fichier total
Exp22DM08-Inoc1-T3-P62;9.0;0.0;;0.0;;;c;3;Exp22DM08_inoc1_saisie_V2;Fichier total
Exp22DM08-Inoc1-T3-P62;9.0;0.0;;1.0;9.0;9.0;a;4;Exp22DM08_inoc1_saisie_V2;Fichier total
Exp22DM08-Inoc1-T3-P62;9.0;0.0;;1.0;9.0;9.0;b;4;Exp22DM08_inoc1_saisie_V2;Fichier total
Exp22DM08-Inoc1-T3-P62;9.0;0.0;;1.0;9.0;9.0;c;4;Exp22DM08_inoc1_saisie_V2;Fichier total
Exp22DM08-Inoc1-T3-P63;9.0;0.0;;1.0;9.0;9.0;a;1;Exp22DM08_inoc1_saisie_V2;Fichier total
Exp22DM08-Inoc1-T3-P63;9.0;0.0;;1.0;7.0;7.0;b;1;Exp22DM08_inoc1_saisie_V2;Fichier total
Exp22DM08-Inoc1-T3-P63;9.0;0.0;;1.0;7.0;5.0;c;1;Exp22DM08_inoc1_saisie_V2;Fichier total
Exp22DM08-Inoc1-T3-P63;9.0;0.0;;1.0;9.0;9.0;a;2;Exp22DM08_inoc1_saisie_V2;Fichier total
Exp22DM08-Inoc1-T3-P63;9.0;0.0;;1.0;9.0;9.0;b;2;Exp22DM08_inoc1_saisie_V2;Fichier total
Exp22DM08-Inoc1-T3-P63;9.0;0.0;;1.0;9.0;9.0;c;2;Exp22DM08_inoc1_saisie_V2;Fichier total
Exp22DM08-Inoc1-T3-P63;9.0;0.0;;0.0;;;a;3;Exp22DM08_inoc1_saisie_V2;Fichier total
Exp22DM08-Inoc1-T3-P63;9.0;0.0;;0.0;;;b;3;Exp22DM08_inoc1_saisie_V2;Fichier total
Exp22DM08-Inoc1-T3-P63;9.0;0.0;;0.0;;;c;3;Exp22DM08_inoc1_saisie_V2;Fichier total
Exp22DM08-Inoc1-T3-P63;9.0;0.0;;0.0;;;a;4;Exp22DM08_inoc1_saisie_V2;Fichier total
Exp22DM08-Inoc1-T3-P63;9.0;0.0;;0.0;;;b;4;Exp22DM08_inoc1_saisie_V2;Fichier total
Exp22DM08-Inoc1-T3-P63;9.0;0.0;;0.0;;;c;4;Exp22DM08_inoc1_saisie_V2;Fichier total
Exp22DM08-Inoc1-T3-P64;9.0;0.0;;0.0;;;a;1;Exp22DM08_inoc1_saisie_V2;Fichier total
Exp22DM08-Inoc1-T3-P64;9.0;0.0;;0.0;;;b;1;Exp22DM08_inoc1_saisie_V2;Fichier total
Exp22DM08-Inoc1-T3-P64;9.0;0.0;;1.0;9.0;9.0;c;1;Exp22DM08_inoc1_saisie_V2;Fichier total
Exp22DM08-Inoc1-T3-P64;9.0;0.0;;1.0;7.0;9.0;a;2;Exp22DM08_inoc1_saisie_V2;Fichier total
Exp22DM08-Inoc1-T3-P64;9.0;0.0;;1.0;7.0;9.0;b;2;Exp22DM08_inoc1_saisie_V2;Fichier total
Exp22DM08-Inoc1-T3-P64;9.0;0.0;;1.0;9.0;7.0;c;2;Exp22DM08_inoc1_saisie_V2;Fichier total
Exp22DM08-Inoc1-T3-P64;9.0;0.0;;1.0;9.0;9.0;a;3;Exp22DM08_inoc1_saisie_V2;Fichier total
Exp22DM08-Inoc1-T3-P64;9.0;0.0;;1.0;7.0;9.0;b;3;Exp22DM08_inoc1_saisie_V2;Fichier total
Exp22DM08-Inoc1-T3-P64;9.0;0.0;;1.0;9.0;9.0;c;3;Exp22DM08_inoc1_saisie_V2;Fichier total
Exp22DM08-Inoc1-T3-P64;9.0;0.0;;0.0;;;a;4;Exp22DM08_inoc1_saisie_V2;Fichier total
Exp22DM08-Inoc1-T3-P64;9.0;0.0;;0.0;;;b;4;Exp22DM08_inoc1_saisie_V2;Fichier total
Exp22DM08-Inoc1-T3-P64;9.0;0.0;;0.0;;;c;4;Exp22DM08_inoc1_saisie_V2;Fichier total
Exp22DM08-Inoc1-T3-P65;9.0;0.0;;1.0;9.0;7.0;a;1;Exp22DM08_inoc1_saisie_V2;Fichier total
Exp22DM08-Inoc1-T3-P65;9.0;0.0;;1.0;9.0;7.0;b;1;Exp22DM08_inoc1_saisie_V2;Fichier total
Exp22DM08-Inoc1-T3-P65;9.0;0.0;;1.0;7.0;7.0;c;1;Exp22DM08_inoc1_saisie_V2;Fichier total
Exp22DM08-Inoc1-T3-P65;9.0;0.0;;1.0;7.0;9.0;a;2;Exp22DM08_inoc1_saisie_V2;Fichier total
Exp22DM08-Inoc1-T3-P65;9.0;0.0;;1.0;9.0;7.0;b;2;Exp22DM08_inoc1_saisie_V2;Fichier total
Exp22DM08-Inoc1-T3-P65;9.0;0.0;;1.0;7.0;9.0;c;2;Exp22DM08_inoc1_saisie_V2;Fichier total
Exp22DM08-Inoc1-T3-P65;9.0;0.0;;1.0;7.0;9.0;a;3;Exp22DM08_inoc1_saisie_V2;Fichier total
Exp22DM08-Inoc1-T3-P65;9.0;0.0;;1.0;7.0;9.0;b;3;Exp22DM08_inoc1_saisie_V2;Fichier total
Exp22DM08-Inoc1-T3-P65;9.0;0.0;;1.0;9.0;9.0;c;3;Exp22DM08_inoc1_saisie_V2;Fichier total
Exp22DM08-Inoc1-T3-P65;9.0;0.0;;1.0;9.0;7.0;a;4;Exp22DM08_inoc1_saisie_V2;Fichier total
Exp22DM08-Inoc1-T3-P65;9.0;0.0;;0.0;;;b;4;Exp22DM08_inoc1_saisie_V2;Fichier total
Exp22DM08-Inoc1-T3-P65;9.0;0.0;;1.0;9.0;7.0;c;4;Exp22DM08_inoc1_saisie_V2;Fichier total
Exp22DM08-Inoc1-T3-P66;9.0;0.0;;0.0;;;a;1;Exp22DM08_inoc1_saisie_V2;Fichier total
Exp22DM08-Inoc1-T3-P66;7.0;1.0;9.0;0.0;;;b;1;Exp22DM08_inoc1_saisie_V2;Fichier total
Exp22DM08-Inoc1-T3-P66;7.0;1.0;9.0;0.0;;;c;1;Exp22DM08_inoc1_saisie_V2;Fichier total
Exp22DM08-Inoc1-T3-P66;7.0;1.0;9.0;0.0;;;a;2;Exp22DM08_inoc1_saisie_V2;Fichier total
Exp22DM08-Inoc1-T3-P66;7.0;1.0;9.0;0.0;;;b;2;Exp22DM08_inoc1_saisie_V2;Fichier total
Exp22DM08-Inoc1-T3-P66;7.0;1.0;9.0;0.0;;;c;2;Exp22DM08_inoc1_saisie_V2;Fichier total
Exp22DM08-Inoc1-T3-P66;9.0;0.0;;1.0;9.0;9.0;a;3;Exp22DM08_inoc1_saisie_V2;Fichier total
Exp22DM08-Inoc1-T3-P66;9.0;0.0;;1.0;7.0;9.0;b;3;Exp22DM08_inoc1_saisie_V2;Fichier total
Exp22DM08-Inoc1-T3-P66;9.0;0.0;;1.0;7.0;9.0;c;3;Exp22DM08_inoc1_saisie_V2;Fichier total
Exp22DM08-Inoc1-T3-P66;9.0;0.0;;0.0;;;a;4;Exp22DM08_inoc1_saisie_V2;Fichier total
Exp22DM08-Inoc1-T3-P66;7.0;1.0;9.0;0.0;;;b;4;Exp22DM08_inoc1_saisie_V2;Fichier total
Exp22DM08-Inoc1-T3-P66;9.0;0.0;;0.0;;;c;4;Exp22DM08_inoc1_saisie_V2;Fichier total
Exp22DM08-Inoc1-T3-P67;9.0;0.0;;1.0;7.0;7.0;a;1;Exp22DM08_inoc1_saisie_V2;Fichier total
Exp22DM08-Inoc1-T3-P67;9.0;0.0;;1.0;7.0;7.0;b;1;Exp22DM08_inoc1_saisie_V2;Fichier total
Exp22DM08-Inoc1-T3-P67;9.0;0.0;;1.0;9.0;9.0;c;1;Exp22DM08_inoc1_saisie_V2;Fichier total
Exp22DM08-Inoc1-T3-P67;9.0;0.0;;1.0;9.0;9.0;a;2;Exp22DM08_inoc1_saisie_V2;Fichier total
Exp22DM08-Inoc1-T3-P67;9.0;0.0;;1.0;7.0;9.0;b;2;Exp22DM08_inoc1_saisie_V2;Fichier total
Exp22DM08-Inoc1-T3-P67;9.0;0.0;;1.0;7.0;9.0;c;2;Exp22DM08_inoc1_saisie_V2;Fichier total
Exp22DM08-Inoc1-T3-P67;9.0;0.0;;0.0;;;a;3;Exp22DM08_inoc1_saisie_V2;Fichier total
Exp22DM08-Inoc1-T3-P67;7.0;1.0;9.0;0.0;;;b;3;Exp22DM08_inoc1_saisie_V2;Fichier total
Exp22DM08-Inoc1-T3-P67;9.0;0.0;;0.0;;;c;3;Exp22DM08_inoc1_saisie_V2;Fichier total
Exp22DM08-Inoc1-T3-P67;9.0;0.0;;0.0;;;a;4;Exp22DM08_inoc1_saisie_V2;Fichier total
Exp22DM08-Inoc1-T3-P67;9.0;0.0;;1.0;9.0;9.0;b;4;Exp22DM08_inoc1_saisie_V2;Fichier total
Exp22DM08-Inoc1-T3-P67;9.0;0.0;;1.0;9.0;9.0;c;4;Exp22DM08_inoc1_saisie_V2;Fichier total
Exp22DM08-Inoc1-T3-P68;9.0;0.0;;1.0;9.0;9.0;a;1;Exp22DM08_inoc1_saisie_V2;Fichier total
Exp22DM08-Inoc1-T3-P68;9.0;0.0;;1.0;5.0;9.0;b;1;Exp22DM08_inoc1_saisie_V2;Fichier total
Exp22DM08-Inoc1-T3-P68;9.0;0.0;;1.0;7.0;9.0;c;1;Exp22DM08_inoc1_saisie_V2;Fichier total
Exp22DM08-Inoc1-T3-P68;7.0;1.0;9.0;1.0;9.0;9.0;a;2;Exp22DM08_inoc1_saisie_V2;Fichier total
Exp22DM08-Inoc1-T3-P68;7.0;1.0;7.0;0.0;;;b;2;Exp22DM08_inoc1_saisie_V2;Fichier total
Exp22DM08-Inoc1-T3-P68;7.0;1.0;5.0;0.0;;;c;2;Exp22DM08_inoc1_saisie_V2;Fichier total
Exp22DM08-Inoc1-T3-P68;9.0;0.0;;1.0;9.0;9.0;a;3;Exp22DM08_inoc1_saisie_V2;Fichier total
Exp22DM08-Inoc1-T3-P68;9.0;0.0;;1.0;9.0;7.0;b;3;Exp22DM08_inoc1_saisie_V2;Fichier total
Exp22DM08-Inoc1-T3-P68;9.0;0.0;;1.0;5.0;7.0;c;3;Exp22DM08_inoc1_saisie_V2;Fichier total
Exp22DM08-Inoc1-T3-P68;9.0;0.0;;0.0;;;a;4;Exp22DM08_inoc1_saisie_V2;Fichier total
Exp22DM08-Inoc1-T3-P68;9.0;0.0;;1.0;9.0;7.0;b;4;Exp22DM08_inoc1_saisie_V2;Fichier total
Exp22DM08-Inoc1-T3-P68;9.0;0.0;;0.0;;;c;4;Exp22DM08_inoc1_saisie_V2;Fichier total
Exp22DM08-Inoc1-T3-P69;9.0;0.0;;1.0;5.0;7.0;a;1;Exp22DM08_inoc1_saisie_V2;Fichier total
Exp22DM08-Inoc1-T3-P69;9.0;0.0;;1.0;5.0;7.0;b;1;Exp22DM08_inoc1_saisie_V2;Fichier total
Exp22DM08-Inoc1-T3-P69;9.0;0.0;;1.0;7.0;7.0;c;1;Exp22DM08_inoc1_saisie_V2;Fichier total
Exp22DM08-Inoc1-T3-P69;9.0;0.0;;0.0;;;a;2;Exp22DM08_inoc1_saisie_V2;Fichier total
Exp22DM08-Inoc1-T3-P69;9.0;0.0;;0.0;;;b;2;Exp22DM08_inoc1_saisie_V2;Fichier total
Exp22DM08-Inoc1-T3-P69;9.0;0.0;;0.0;;;c;2;Exp22DM08_inoc1_saisie_V2;Fichier total
Exp22DM08-Inoc1-T3-P69;9.0;0.0;;0.0;;;a;3;Exp22DM08_inoc1_saisie_V2;Fichier total
Exp22DM08-Inoc1-T3-P69;7.0;1.0;9.0;0.0;;;b;3;Exp22DM08_inoc1_saisie_V2;Fichier total
Exp22DM08-Inoc1-T3-P69;9.0;0.0;;0.0;;;c;3;Exp22DM08_inoc1_saisie_V2;Fichier total
Exp22DM08-Inoc1-T3-P69;9.0;0.0;;0.0;;;a;4;Exp22DM08_inoc1_saisie_V2;Fichier total
Exp22DM08-Inoc1-T3-P69;9.0;0.0;;0.0;;;b;4;Exp22DM08_inoc1_saisie_V2;Fichier total
Exp22DM08-Inoc1-T3-P69;9.0;0.0;;0.0;;;c;4;Exp22DM08_inoc1_saisie_V2;Fichier total
Exp22DM08-Inoc1-T3-P70;9.0;0.0;;0.0;;;a;1;Exp22DM08_inoc1_saisie_V2;Fichier total
Exp22DM08-Inoc1-T3-P70;9.0;0.0;;0.0;;;b;1;Exp22DM08_inoc1_saisie_V2;Fichier total
Exp22DM08-Inoc1-T3-P70;9.0;0.0;;0.0;;;c;1;Exp22DM08_inoc1_saisie_V2;Fichier total
Exp22DM08-Inoc1-T3-P70;7.0;1.0;9.0;0.0;;;a;2;Exp22DM08_inoc1_saisie_V2;Fichier total
Exp22DM08-Inoc1-T3-P70;7.0;1.0;9.0;0.0;;;b;2;Exp22DM08_inoc1_saisie_V2;Fichier total
Exp22DM08-Inoc1-T3-P70;9.0;0.0;;0.0;;;c;2;Exp22DM08_inoc1_saisie_V2;Fichier total
Exp22DM08-Inoc1-T3-P70;9.0;0.0;;0.0;;;a;3;Exp22DM08_inoc1_saisie_V2;Fichier total
Exp22DM08-Inoc1-T3-P70;7.0;1.0;9.0;0.0;;;b;3;Exp22DM08_inoc1_saisie_V2;Fichier total
Exp22DM08-Inoc1-T3-P70;9.0;0.0;;0.0;;;c;3;Exp22DM08_inoc1_saisie_V2;Fichier total
Exp22DM08-Inoc1-T3-P70;9.0;0.0;;1.0;7.0;9.0;a;4;Exp22DM08_inoc1_saisie_V2;Fichier total
Exp22DM08-Inoc1-T3-P70;9.0;0.0;;1.0;7.0;9.0;b;4;Exp22DM08_inoc1_saisie_V2;Fichier total
Exp22DM08-Inoc1-T3-P70;9.0;0.0;;1.0;7.0;9.0;c;4;Exp22DM08_inoc1_saisie_V2;Fichier total
Exp22DM08-Inoc1-T3-P71;9.0;0.0;;0.0;;;a;1;Exp22DM08_inoc1_saisie_V2;Fichier total
Exp22DM08-Inoc1-T3-P71;9.0;0.0;;1.0;9.0;9.0;b;1;Exp22DM08_inoc1_saisie_V2;Fichier total
Exp22DM08-Inoc1-T3-P71;9.0;0.0;;0.0;;;c;1;Exp22DM08_inoc1_saisie_V2;Fichier total
Exp22DM08-Inoc1-T3-P71;9.0;0.0;;0.0;;;a;2;Exp22DM08_inoc1_saisie_V2;Fichier total
Exp22DM08-Inoc1-T3-P71;7.0;1.0;7.0;0.0;;;b;2;Exp22DM08_inoc1_saisie_V2;Fichier total
Exp22DM08-Inoc1-T3-P71;7.0;1.0;7.0;0.0;;;c;2;Exp22DM08_inoc1_saisie_V2;Fichier total
Exp22DM08-Inoc1-T3-P71;7.0;1.0;7.0;0.0;;;a;3;Exp22DM08_inoc1_saisie_V2;Fichier total
Exp22DM08-Inoc1-T3-P71;7.0;1.0;7.0;0.0;;;b;3;Exp22DM08_inoc1_saisie_V2;Fichier total
Exp22DM08-Inoc1-T3-P71;7.0;1.0;7.0;0.0;;;c;3;Exp22DM08_inoc1_saisie_V2;Fichier total
Exp22DM08-Inoc1-T3-P71;9.0;0.0;;0.0;;;a;4;Exp22DM08_inoc1_saisie_V2;Fichier total
Exp22DM08-Inoc1-T3-P71;7.0;1.0;9.0;0.0;;;b;4;Exp22DM08_inoc1_saisie_V2;Fichier total
Exp22DM08-Inoc1-T3-P71;7.0;1.0;9.0;0.0;;;c;4;Exp22DM08_inoc1_saisie_V2;Fichier total
Exp22DM08-Inoc1-T3-P72;9.0;0.0;;0.0;;;a;1;Exp22DM08_inoc1_saisie_V2;Fichier total
Exp22DM08-Inoc1-T3-P72;9.0;0.0;;0.0;;;b;1;Exp22DM08_inoc1_saisie_V2;Fichier total
Exp22DM08-Inoc1-T3-P72;9.0;0.0;;0.0;;;c;1;Exp22DM08_inoc1_saisie_V2;Fichier total
Exp22DM08-Inoc1-T3-P72;9.0;0.0;;1.0;7.0;9.0;a;2;Exp22DM08_inoc1_saisie_V2;Fichier total
Exp22DM08-Inoc1-T3-P72;9.0;0.0;;1.0;7.0;9.0;b;2;Exp22DM08_inoc1_saisie_V2;Fichier total
Exp22DM08-Inoc1-T3-P72;9.0;0.0;;1.0;7.0;9.0;c;2;Exp22DM08_inoc1_saisie_V2;Fichier total
Exp22DM08-Inoc1-T3-P72;7.0;1.0;7.0;0.0;;;a;3;Exp22DM08_inoc1_saisie_V2;Fichier total
Exp22DM08-Inoc1-T3-P72;7.0;1.0;9.0;0.0;;;b;3;Exp22DM08_inoc1_saisie_V2;Fichier total
Exp22DM08-Inoc1-T3-P72;7.0;1.0;9.0;0.0;;;c;3;Exp22DM08_inoc1_saisie_V2;Fichier total
Exp22DM08-Inoc1-T3-P72;9.0;0.0;;0.0;;;a;4;Exp22DM08_inoc1_saisie_V2;Fichier total
Exp22DM08-Inoc1-T3-P72;7.0;1.0;9.0;0.0;;;b;4;Exp22DM08_inoc1_saisie_V2;Fichier total
Exp22DM08-Inoc1-T3-P72;9.0;0.0;;0.0;;;c;4;Exp22DM08_inoc1_saisie_V2;Fichier total
Exp22DM08-Inoc1-T3-P73;9.0;0.0;;0.0;;;a;1;Exp22DM08_inoc1_saisie_V2;Fichier total
Exp22DM08-Inoc1-T3-P73;9.0;0.0;;0.0;;;b;1;Exp22DM08_inoc1_saisie_V2;Fichier total
Exp22DM08-Inoc1-T3-P73;9.0;0.0;;0.0;;;c;1;Exp22DM08_inoc1_saisie_V2;Fichier total
Exp22DM08-Inoc1-T3-P73;7.0;1.0;7.0;0.0;;;a;2;Exp22DM08_inoc1_saisie_V2;Fichier total
Exp22DM08-Inoc1-T3-P73;7.0;1.0;7.0;0.0;;;b;2;Exp22DM08_inoc1_saisie_V2;Fichier total
Exp22DM08-Inoc1-T3-P73;7.0;1.0;5.0;0.0;;;c;2;Exp22DM08_inoc1_saisie_V2;Fichier total
Exp22DM08-Inoc1-T3-P73;7.0;1.0;9.0;0.0;;;a;3;Exp22DM08_inoc1_saisie_V2;Fichier total
Exp22DM08-Inoc1-T3-P73;7.0;1.0;9.0;0.0;;;b;3;Exp22DM08_inoc1_saisie_V2;Fichier total
Exp22DM08-Inoc1-T3-P73;7.0;1.0;7.0;0.0;;;c;3;Exp22DM08_inoc1_saisie_V2;Fichier total
Exp22DM08-Inoc1-T3-P73;9.0;0.0;;0.0;;;a;4;Exp22DM08_inoc1_saisie_V2;Fichier total
Exp22DM08-Inoc1-T3-P73;9.0;0.0;;0.0;;;b;4;Exp22DM08_inoc1_saisie_V2;Fichier total
Exp22DM08-Inoc1-T3-P73;9.0;0.0;;0.0;;;c;4;Exp22DM08_inoc1_saisie_V2;Fichier total
Exp22DM08-Inoc1-T3-P74;9.0;0.0;;0.0;;;a;1;Exp22DM08_inoc1_saisie_V2;Fichier total
Exp22DM08-Inoc1-T3-P74;9.0;0.0;;0.0;;;b;1;Exp22DM08_inoc1_saisie_V2;Fichier total
Exp22DM08-Inoc1-T3-P74;9.0;0.0;;0.0;;;c;1;Exp22DM08_inoc1_saisie_V2;Fichier total
Exp22DM08-Inoc1-T3-P74;9.0;0.0;;0.0;;;a;2;Exp22DM08_inoc1_saisie_V2;Fichier total
Exp22DM08-Inoc1-T3-P74;9.0;0.0;;0.0;;;b;2;Exp22DM08_inoc1_saisie_V2;Fichier total
Exp22DM08-Inoc1-T3-P74;9.0;0.0;;0.0;;;c;2;Exp22DM08_inoc1_saisie_V2;Fichier total
Exp22DM08-Inoc1-T3-P74;9.0;0.0;;0.0;;;a;3;Exp22DM08_inoc1_saisie_V2;Fichier total
Exp22DM08-Inoc1-T3-P74;9.0;0.0;;0.0;;;b;3;Exp22DM08_inoc1_saisie_V2;Fichier total
Exp22DM08-Inoc1-T3-P74;9.0;0.0;;1.0;9.0;9.0;c;3;Exp22DM08_inoc1_saisie_V2;Fichier total
Exp22DM08-Inoc1-T3-P74;9.0;0.0;;0.0;;;a;4;Exp22DM08_inoc1_saisie_V2;Fichier total
Exp22DM08-Inoc1-T3-P74;9.0;0.0;;0.0;;;b;4;Exp22DM08_inoc1_saisie_V2;Fichier total
Exp22DM08-Inoc1-T3-P74;9.0;0.0;;0.0;;;c;4;Exp22DM08_inoc1_saisie_V2;Fichier total
Exp22DM08-Inoc1-T3-P75;9.0;0.0;;0.0;;;a;1;Exp22DM08_inoc1_saisie_V2;Fichier total
Exp22DM08-Inoc1-T3-P75;9.0;0.0;;0.0;;;b;1;Exp22DM08_inoc1_saisie_V2;Fichier total
Exp22DM08-Inoc1-T3-P75;9.0;0.0;;0.0;;;c;1;Exp22DM08_inoc1_saisie_V2;Fichier total
Exp22DM08-Inoc1-T3-P75;9.0;0.0;;0.0;;;a;2;Exp22DM08_inoc1_saisie_V2;Fichier total
Exp22DM08-Inoc1-T3-P75;9.0;0.0;;1.0;5.0;9.0;b;2;Exp22DM08_inoc1_saisie_V2;Fichier total
Exp22DM08-Inoc1-T3-P75;9.0;0.0;;0.0;;;c;2;Exp22DM08_inoc1_saisie_V2;Fichier total
Exp22DM08-Inoc1-T3-P75;9.0;0.0;;0.0;;;a;3;Exp22DM08_inoc1_saisie_V2;Fichier total
Exp22DM08-Inoc1-T3-P75;9.0;0.0;;0.0;;;b;3;Exp22DM08_inoc1_saisie_V2;Fichier total
Exp22DM08-Inoc1-T3-P75;9.0;0.0;;0.0;;;c;3;Exp22DM08_inoc1_saisie_V2;Fichier total
Exp22DM08-Inoc1-T3-P75;9.0;0.0;;1.0;5.0;9.0;a;4;Exp22DM08_inoc1_saisie_V2;Fichier total
Exp22DM08-Inoc1-T3-P75;9.0;0.0;;1.0;5.0;9.0;b;4;Exp22DM08_inoc1_saisie_V2;Fichier total
Exp22DM08-Inoc1-T3-P75;9.0;0.0;;1.0;7.0;9.0;c;4;Exp22DM08_inoc1_saisie_V2;Fichier total
Exp22DM08-Inoc1-T3-P76;9.0;0.0;;0.0;;;a;1;Exp22DM08_inoc1_saisie_V2;Fichier total
Exp22DM08-Inoc1-T3-P76;9.0;0.0;;0.0;;;b;1;Exp22DM08_inoc1_saisie_V2;Fichier total
Exp22DM08-Inoc1-T3-P76;9.0;0.0;;0.0;;;c;1;Exp22DM08_inoc1_saisie_V2;Fichier total
Exp22DM08-Inoc1-T3-P76;9.0;0.0;;0.0;;;a;2;Exp22DM08_inoc1_saisie_V2;Fichier total
Exp22DM08-Inoc1-T3-P76;9.0;0.0;;1.0;7.0;9.0;b;2;Exp22DM08_inoc1_saisie_V2;Fichier total
Exp22DM08-Inoc1-T3-P76;9.0;0.0;;1.0;9.0;9.0;c;2;Exp22DM08_inoc1_saisie_V2;Fichier total
Exp22DM08-Inoc1-T3-P76;7.0;1.0;5.0;0.0;;;a;3;Exp22DM08_inoc1_saisie_V2;Fichier total
Exp22DM08-Inoc1-T3-P76;7.0;1.0;5.0;0.0;;;b;3;Exp22DM08_inoc1_saisie_V2;Fichier total
Exp22DM08-Inoc1-T3-P76;7.0;1.0;7.0;0.0;;;c;3;Exp22DM08_inoc1_saisie_V2;Fichier total
Exp22DM08-Inoc1-T3-P76;9.0;0.0;;0.0;;;a;4;Exp22DM08_inoc1_saisie_V2;Fichier total
Exp22DM08-Inoc1-T3-P76;9.0;0.0;;0.0;;;b;4;Exp22DM08_inoc1_saisie_V2;Fichier total
Exp22DM08-Inoc1-T3-P76;9.0;0.0;;0.0;;;c;4;Exp22DM08_inoc1_saisie_V2;Fichier total
Exp22DM08-Inoc1-T3-P77;9.0;0.0;;1.0;9.0;7.0;a;1;Exp22DM08_inoc1_saisie_V2;Fichier total
Exp22DM08-Inoc1-T3-P77;9.0;0.0;;1.0;7.0;7.0;b;1;Exp22DM08_inoc1_saisie_V2;Fichier total
Exp22DM08-Inoc1-T3-P77;9.0;0.0;;1.0;7.0;7.0;c;1;Exp22DM08_inoc1_saisie_V2;Fichier total
Exp22DM08-Inoc1-T3-P77;9.0;0.0;;1.0;7.0;7.0;a;2;Exp22DM08_inoc1_saisie_V2;Fichier total
Exp22DM08-Inoc1-T3-P77;9.0;0.0;;1.0;7.0;7.0;b;2;Exp22DM08_inoc1_saisie_V2;Fichier total
Exp22DM08-Inoc1-T3-P77;9.0;0.0;;1.0;7.0;7.0;c;2;Exp22DM08_inoc1_saisie_V2;Fichier total
Exp22DM08-Inoc1-T3-P77;7.0;1.0;9.0;1.0;9.0;9.0;a;3;Exp22DM08_inoc1_saisie_V2;Fichier total
Exp22DM08-Inoc1-T3-P77;7.0;1.0;9.0;1.0;9.0;9.0;b;3;Exp22DM08_inoc1_saisie_V2;Fichier total
Exp22DM08-Inoc1-T3-P77;7.0;1.0;9.0;1.0;9.0;7.0;c;3;Exp22DM08_inoc1_saisie_V2;Fichier total
Exp22DM08-Inoc1-T3-P77;9.0;0.0;;0.0;;;a;4;Exp22DM08_inoc1_saisie_V2;Fichier total
Exp22DM08-Inoc1-T3-P77;9.0;0.0;;0.0;;;b;4;Exp22DM08_inoc1_saisie_V2;Fichier total
Exp22DM08-Inoc1-T3-P77;9.0;0.0;;0.0;;;c;4;Exp22DM08_inoc1_saisie_V2;Fichier total
Exp22DM08-Inoc1-T3-P78;9.0;0.0;;1.0;7.0;7.0;a;1;Exp22DM08_inoc1_saisie_V2;Fichier total
Exp22DM08-Inoc1-T3-P78;9.0;0.0;;1.0;7.0;7.0;b;1;Exp22DM08_inoc1_saisie_V2;Fichier total
Exp22DM08-Inoc1-T3-P78;9.0;0.0;;1.0;7.0;7.0;c;1;Exp22DM08_inoc1_saisie_V2;Fichier total
Exp22DM08-Inoc1-T3-P78;9.0;0.0;;1.0;5.0;7.0;a;2;Exp22DM08_inoc1_saisie_V2;Fichier total
Exp22DM08-Inoc1-T3-P78;9.0;0.0;;1.0;5.0;9.0;b;2;Exp22DM08_inoc1_saisie_V2;Fichier total
Exp22DM08-Inoc1-T3-P78;9.0;0.0;;1.0;5.0;9.0;c;2;Exp22DM08_inoc1_saisie_V2;Fichier total
Exp22DM08-Inoc1-T3-P78;9.0;0.0;;1.0;5.0;9.0;a;3;Exp22DM08_inoc1_saisie_V2;Fichier total
Exp22DM08-Inoc1-T3-P78;9.0;0.0;;1.0;5.0;9.0;b;3;Exp22DM08_inoc1_saisie_V2;Fichier total
Exp22DM08-Inoc1-T3-P78;9.0;0.0;;1.0;5.0;9.0;c;3;Exp22DM08_inoc1_saisie_V2;Fichier total
Exp22DM08-Inoc1-T3-P78;9.0;0.0;;1.0;7.0;9.0;a;4;Exp22DM08_inoc1_saisie_V2;Fichier total
Exp22DM08-Inoc1-T3-P78;9.0;0.0;;0.0;;;b;4;Exp22DM08_inoc1_saisie_V2;Fichier total
Exp22DM08-Inoc1-T3-P78;9.0;0.0;;1.0;9.0;9.0;c;4;Exp22DM08_inoc1_saisie_V2;Fichier total
Exp22DM08-Inoc1-T3-P79;9.0;0.0;;0.0;;;a;1;Exp22DM08_inoc1_saisie_V2;Fichier total
Exp22DM08-Inoc1-T3-P79;7.0;1.0;9.0;0.0;;;b;1;Exp22DM08_inoc1_saisie_V2;Fichier total
Exp22DM08-Inoc1-T3-P79;7.0;1.0;9.0;0.0;;;c;1;Exp22DM08_inoc1_saisie_V2;Fichier total
Exp22DM08-Inoc1-T3-P79;7.0;1.0;9.0;1.0;9.0;7.0;a;2;Exp22DM08_inoc1_saisie_V2;Fichier total
Exp22DM08-Inoc1-T3-P79;7.0;1.0;9.0;1.0;9.0;7.0;b;2;Exp22DM08_inoc1_saisie_V2;Fichier total
Exp22DM08-Inoc1-T3-P79;7.0;1.0;9.0;1.0;9.0;7.0;c;2;Exp22DM08_inoc1_saisie_V2;Fichier total
Exp22DM08-Inoc1-T3-P79;9.0;0.0;;0.0;;;a;3;Exp22DM08_inoc1_saisie_V2;Fichier total
Exp22DM08-Inoc1-T3-P79;7.0;1.0;7.0;0.0;;;b;3;Exp22DM08_inoc1_saisie_V2;Fichier total
Exp22DM08-Inoc1-T3-P79;7.0;1.0;7.0;0.0;;;c;3;Exp22DM08_inoc1_saisie_V2;Fichier total
Exp22DM08-Inoc1-T3-P79;9.0;0.0;;1.0;7.0;7.0;a;4;Exp22DM08_inoc1_saisie_V2;Fichier total
Exp22DM08-Inoc1-T3-P79;9.0;0.0;;1.0;9.0;9.0;b;4;Exp22DM08_inoc1_saisie_V2;Fichier total
Exp22DM08-Inoc1-T3-P79;7.0;1.0;9.0;1.0;9.0;9.0;c;4;Exp22DM08_inoc1_saisie_V2;Fichier total
Exp22DM08-Inoc1-T3-P80;9.0;0.0;;0.0;;;a;1;Exp22DM08_inoc1_saisie_V2;Fichier total
Exp22DM08-Inoc1-T3-P80;9.0;0.0;;0.0;;;b;1;Exp22DM08_inoc1_saisie_V2;Fichier total
Exp22DM08-Inoc1-T3-P80;9.0;0.0;;0.0;;;c;1;Exp22DM08_inoc1_saisie_V2;Fichier total
Exp22DM08-Inoc1-T3-P80;7.0;1.0;9.0;1.0;7.0;7.0;a;2;Exp22DM08_inoc1_saisie_V2;Fichier total
Exp22DM08-Inoc1-T3-P80;7.0;1.0;9.0;1.0;7.0;7.0;b;2;Exp22DM08_inoc1_saisie_V2;Fichier total
Exp22DM08-Inoc1-T3-P80;7.0;1.0;9.0;1.0;7.0;7.0;c;2;Exp22DM08_inoc1_saisie_V2;Fichier total
Exp22DM08-Inoc1-T3-P80;9.0;0.0;;1.0;7.0;9.0;a;3;Exp22DM08_inoc1_saisie_V2;Fichier total
Exp22DM08-Inoc1-T3-P80;9.0;0.0;;1.0;7.0;9.0;b;3;Exp22DM08_inoc1_saisie_V2;Fichier total
Exp22DM08-Inoc1-T3-P80;9.0;0.0;;1.0;9.0;9.0;c;3;Exp22DM08_inoc1_saisie_V2;Fichier total
Exp22DM08-Inoc1-T3-P80;7.0;1.0;9.0;0.0;;;a;4;Exp22DM08_inoc1_saisie_V2;Fichier total
Exp22DM08-Inoc1-T3-P80;7.0;1.0;9.0;0.0;;;b;4;Exp22DM08_inoc1_saisie_V2;Fichier total
Exp22DM08-Inoc1-T3-P80;7.0;1.0;9.0;0.0;;;c;4;Exp22DM08_inoc1_saisie_V2;Fichier total
Exp22DM08-Inoc1-T3-P81;9.0;0.0;;0.0;;;a;1;Exp22DM08_inoc1_saisie_V2;Fichier total
Exp22DM08-Inoc1-T3-P81;7.0;1.0;7.0;0.0;;;b;1;Exp22DM08_inoc1_saisie_V2;Fichier total
Exp22DM08-Inoc1-T3-P81;7.0;1.0;7.0;0.0;;;c;1;Exp22DM08_inoc1_saisie_V2;Fichier total
Exp22DM08-Inoc1-T3-P81;9.0;0.0;;0.0;;;a;2;Exp22DM08_inoc1_saisie_V2;Fichier total
Exp22DM08-Inoc1-T3-P81;9.0;0.0;;1.0;9.0;9.0;b;2;Exp22DM08_inoc1_saisie_V2;Fichier total
Exp22DM08-Inoc1-T3-P81;9.0;0.0;;1.0;9.0;9.0;c;2;Exp22DM08_inoc1_saisie_V2;Fichier total
Exp22DM08-Inoc1-T3-P81;9.0;0.0;;1.0;7.0;7.0;a;3;Exp22DM08_inoc1_saisie_V2;Fichier total
Exp22DM08-Inoc1-T3-P81;9.0;0.0;;1.0;9.0;7.0;b;3;Exp22DM08_inoc1_saisie_V2;Fichier total
Exp22DM08-Inoc1-T3-P81;9.0;0.0;;0.0;;;c;3;Exp22DM08_inoc1_saisie_V2;Fichier total
Exp22DM08-Inoc1-T3-P81;9.0;0.0;;1.0;5.0;7.0;a;4;Exp22DM08_inoc1_saisie_V2;Fichier total
Exp22DM08-Inoc1-T3-P81;9.0;0.0;;1.0;5.0;7.0;b;4;Exp22DM08_inoc1_saisie_V2;Fichier total
Exp22DM08-Inoc1-T3-P81;9.0;0.0;;1.0;9.0;9.0;c;4;Exp22DM08_inoc1_saisie_V2;Fichier total
Exp22DM08-Inoc1-T3-P82;9.0;0.0;;1.0;5.0;5.0;a;1;Exp22DM08_inoc1_saisie_V2;Fichier total
Exp22DM08-Inoc1-T3-P82;9.0;0.0;;1.0;3.0;5.0;b;1;Exp22DM08_inoc1_saisie_V2;Fichier total
Exp22DM08-Inoc1-T3-P82;9.0;0.0;;1.0;3.0;7.0;c;1;Exp22DM08_inoc1_saisie_V2;Fichier total
Exp22DM08-Inoc1-T3-P82;9.0;0.0;;1.0;5.0;9.0;a;2;Exp22DM08_inoc1_saisie_V2;Fichier total
Exp22DM08-Inoc1-T3-P82;9.0;0.0;;1.0;5.0;7.0;b;2;Exp22DM08_inoc1_saisie_V2;Fichier total
Exp22DM08-Inoc1-T3-P82;7.0;1.0;9.0;1.0;7.0;7.0;c;2;Exp22DM08_inoc1_saisie_V2;Fichier total
Exp22DM08-Inoc1-T3-P82;9.0;0.0;;0.0;;;a;3;Exp22DM08_inoc1_saisie_V2;Fichier total
Exp22DM08-Inoc1-T3-P82;7.0;1.0;9.0;0.0;;;b;3;Exp22DM08_inoc1_saisie_V2;Fichier total
Exp22DM08-Inoc1-T3-P82;7.0;1.0;9.0;0.0;;;c;3;Exp22DM08_inoc1_saisie_V2;Fichier total
Exp22DM08-Inoc1-T3-P82;9.0;0.0;;0.0;;;a;4;Exp22DM08_inoc1_saisie_V2;Fichier total
Exp22DM08-Inoc1-T3-P82;9.0;0.0;;0.0;;;b;4;Exp22DM08_inoc1_saisie_V2;Fichier total
Exp22DM08-Inoc1-T3-P82;9.0;0.0;;1.0;7.0;7.0;c;4;Exp22DM08_inoc1_saisie_V2;Fichier total
Exp22DM08-Inoc1-T3-P83;9.0;0.0;;1.0;9.0;9.0;a;1;Exp22DM08_inoc1_saisie_V2;Fichier total
Exp22DM08-Inoc1-T3-P83;7.0;1.0;9.0;1.0;7.0;9.0;b;1;Exp22DM08_inoc1_saisie_V2;Fichier total
Exp22DM08-Inoc1-T3-P83;7.0;1.0;9.0;0.0;;;c;1;Exp22DM08_inoc1_saisie_V2;Fichier total
Exp22DM08-Inoc1-T3-P83;9.0;0.0;;1.0;7.0;7.0;a;2;Exp22DM08_inoc1_saisie_V2;Fichier total
Exp22DM08-Inoc1-T3-P83;9.0;0.0;;1.0;7.0;7.0;b;2;Exp22DM08_inoc1_saisie_V2;Fichier total
Exp22DM08-Inoc1-T3-P83;9.0;0.0;;1.0;9.0;7.0;c;2;Exp22DM08_inoc1_saisie_V2;Fichier total
Exp22DM08-Inoc1-T3-P83;7.0;1.0;9.0;0.0;;;a;3;Exp22DM08_inoc1_saisie_V2;Fichier total
Exp22DM08-Inoc1-T3-P83;9.0;0.0;;0.0;;;b;3;Exp22DM08_inoc1_saisie_V2;Fichier total
Exp22DM08-Inoc1-T3-P83;7.0;1.0;9.0;1.0;9.0;9.0;c;3;Exp22DM08_inoc1_saisie_V2;Fichier total
Exp22DM08-Inoc1-T3-P83;7.0;1.0;9.0;0.0;;;a;4;Exp22DM08_inoc1_saisie_V2;Fichier total
Exp22DM08-Inoc1-T3-P83;7.0;1.0;9.0;0.0;;;b;4;Exp22DM08_inoc1_saisie_V2;Fichier total
Exp22DM08-Inoc1-T3-P83;7.0;1.0;9.0;1.0;7.0;9.0;c;4;Exp22DM08_inoc1_saisie_V2;Fichier total
Exp22DM08-Inoc1-T3-P84;9.0;0.0;;0.0;;;a;1;Exp22DM08_inoc1_saisie_V2;Fichier total
Exp22DM08-Inoc1-T3-P84;9.0;0.0;;1.0;9.0;9.0;b;1;Exp22DM08_inoc1_saisie_V2;Fichier total
Exp22DM08-Inoc1-T3-P84;7.0;1.0;9.0;1.0;9.0;9.0;c;1;Exp22DM08_inoc1_saisie_V2;Fichier total
Exp22DM08-Inoc1-T3-P84;7.0;1.0;9.0;1.0;9.0;9.0;a;2;Exp22DM08_inoc1_saisie_V2;Fichier total
Exp22DM08-Inoc1-T3-P84;7.0;1.0;9.0;0.0;;;b;2;Exp22DM08_inoc1_saisie_V2;Fichier total
Exp22DM08-Inoc1-T3-P84;9.0;0.0;;0.0;;;c;2;Exp22DM08_inoc1_saisie_V2;Fichier total
Exp22DM08-Inoc1-T3-P84;9.0;0.0;;0.0;;;a;3;Exp22DM08_inoc1_saisie_V2;Fichier total
Exp22DM08-Inoc1-T3-P84;9.0;0.0;;0.0;;;b;3;Exp22DM08_inoc1_saisie_V2;Fichier total
Exp22DM08-Inoc1-T3-P84;9.0;0.0;;0.0;;;c;3;Exp22DM08_inoc1_saisie_V2;Fichier total
Exp22DM08-Inoc1-T3-P84;9.0;0.0;;0.0;;;a;4;Exp22DM08_inoc1_saisie_V2;Fichier total
Exp22DM08-Inoc1-T3-P84;7.0;1.0;9.0;0.0;;;b;4;Exp22DM08_inoc1_saisie_V2;Fichier total
Exp22DM08-Inoc1-T3-P84;9.0;0.0;;0.0;;;c;4;Exp22DM08_inoc1_saisie_V2;Fichier total
Exp22DM08-Inoc1-T3-P85;9.0;0.0;;1.0;7.0;7.0;a;1;Exp22DM08_inoc1_saisie_V2;Fichier total
Exp22DM08-Inoc1-T3-P85;9.0;0.0;;1.0;7.0;7.0;b;1;Exp22DM08_inoc1_saisie_V2;Fichier total
Exp22DM08-Inoc1-T3-P85;9.0;0.0;;1.0;7.0;7.0;c;1;Exp22DM08_inoc1_saisie_V2;Fichier total
Exp22DM08-Inoc1-T3-P85;7.0;1.0;9.0;1.0;9.0;7.0;a;2;Exp22DM08_inoc1_saisie_V2;Fichier total
Exp22DM08-Inoc1-T3-P85;9.0;0.0;;1.0;9.0;7.0;b;2;Exp22DM08_inoc1_saisie_V2;Fichier total
Exp22DM08-Inoc1-T3-P85;9.0;0.0;;1.0;9.0;7.0;c;2;Exp22DM08_inoc1_saisie_V2;Fichier total
Exp22DM08-Inoc1-T3-P85;9.0;0.0;;0.0;;;a;3;Exp22DM08_inoc1_saisie_V2;Fichier total
Exp22DM08-Inoc1-T3-P85;9.0;0.0;;1.0;7.0;7.0;b;3;Exp22DM08_inoc1_saisie_V2;Fichier total
Exp22DM08-Inoc1-T3-P85;9.0;0.0;;1.0;9.0;9.0;c;3;Exp22DM08_inoc1_saisie_V2;Fichier total
Exp22DM08-Inoc1-T3-P85;9.0;0.0;;1.0;5.0;5.0;a;4;Exp22DM08_inoc1_saisie_V2;Fichier total
Exp22DM08-Inoc1-T3-P85;9.0;0.0;;1.0;5.0;7.0;b;4;Exp22DM08_inoc1_saisie_V2;Fichier total
Exp22DM08-Inoc1-T3-P85;9.0;0.0;;1.0;5.0;7.0;c;4;Exp22DM08_inoc1_saisie_V2;Fichier total
Exp22DM08-Inoc1-T3-P86;9.0;0.0;;0.0;;;a;1;Exp22DM08_inoc1_saisie_V2;Fichier total
Exp22DM08-Inoc1-T3-P86;7.0;1.0;9.0;0.0;;;b;1;Exp22DM08_inoc1_saisie_V2;Fichier total
Exp22DM08-Inoc1-T3-P86;9.0;0.0;;0.0;;;c;1;Exp22DM08_inoc1_saisie_V2;Fichier total
Exp22DM08-Inoc1-T3-P86;7.0;1.0;7.0;1.0;9.0;9.0;a;2;Exp22DM08_inoc1_saisie_V2;Fichier total
Exp22DM08-Inoc1-T3-P86;7.0;1.0;9.0;1.0;9.0;9.0;b;2;Exp22DM08_inoc1_saisie_V2;Fichier total
Exp22DM08-Inoc1-T3-P86;7.0;1.0;9.0;1.0;9.0;9.0;c;2;Exp22DM08_inoc1_saisie_V2;Fichier total
Exp22DM08-Inoc1-T3-P86;9.0;0.0;;1.0;7.0;9.0;a;3;Exp22DM08_inoc1_saisie_V2;Fichier total
Exp22DM08-Inoc1-T3-P86;9.0;0.0;;1.0;7.0;9.0;b;3;Exp22DM08_inoc1_saisie_V2;Fichier total
Exp22DM08-Inoc1-T3-P86;9.0;0.0;;1.0;7.0;9.0;c;3;Exp22DM08_inoc1_saisie_V2;Fichier total
Exp22DM08-Inoc1-T3-P86;9.0;0.0;;1.0;7.0;5.0;a;4;Exp22DM08_inoc1_saisie_V2;Fichier total
Exp22DM08-Inoc1-T3-P86;9.0;0.0;;1.0;5.0;7.0;b;4;Exp22DM08_inoc1_saisie_V2;Fichier total
Exp22DM08-Inoc1-T3-P86;9.0;0.0;;1.0;9.0;9.0;c;4;Exp22DM08_inoc1_saisie_V2;Fichier total
Exp22DM08-Inoc1-T3-P87;9.0;0.0;;0.0;;;a;1;Exp22DM08_inoc1_saisie_V2;Fichier total
Exp22DM08-Inoc1-T3-P87;9.0;0.0;;0.0;;;b;1;Exp22DM08_inoc1_saisie_V2;Fichier total
Exp22DM08-Inoc1-T3-P87;9.0;0.0;;0.0;;;c;1;Exp22DM08_inoc1_saisie_V2;Fichier total
Exp22DM08-Inoc1-T3-P87;9.0;0.0;;0.0;;;a;2;Exp22DM08_inoc1_saisie_V2;Fichier total
Exp22DM08-Inoc1-T3-P87;9.0;0.0;;0.0;;;b;2;Exp22DM08_inoc1_saisie_V2;Fichier total
Exp22DM08-Inoc1-T3-P87;9.0;0.0;;0.0;;;c;2;Exp22DM08_inoc1_saisie_V2;Fichier total
Exp22DM08-Inoc1-T3-P87;9.0;0.0;;0.0;;;a;3;Exp22DM08_inoc1_saisie_V2;Fichier total
Exp22DM08-Inoc1-T3-P87;9.0;0.0;;0.0;;;b;3;Exp22DM08_inoc1_saisie_V2;Fichier total
Exp22DM08-Inoc1-T3-P87;9.0;0.0;;0.0;;;c;3;Exp22DM08_inoc1_saisie_V2;Fichier total
Exp22DM08-Inoc1-T3-P87;7.0;1.0;9.0;0.0;;;a;4;Exp22DM08_inoc1_saisie_V2;Fichier total
Exp22DM08-Inoc1-T3-P87;9.0;0.0;;0.0;;;b;4;Exp22DM08_inoc1_saisie_V2;Fichier total
Exp22DM08-Inoc1-T3-P87;9.0;0.0;;0.0;;;c;4;Exp22DM08_inoc1_saisie_V2;Fichier total
Exp22DM08-Inoc1-T3-P88;9.0;0.0;;1.0;9.0;9.0;a;1;Exp22DM08_inoc1_saisie_V2;Fichier total
Exp22DM08-Inoc1-T3-P88;9.0;0.0;;1.0;9.0;7.0;b;1;Exp22DM08_inoc1_saisie_V2;Fichier total
Exp22DM08-Inoc1-T3-P88;9.0;0.0;;1.0;9.0;9.0;c;1;Exp22DM08_inoc1_saisie_V2;Fichier total
Exp22DM08-Inoc1-T3-P88;9.0;0.0;;1.0;9.0;9.0;a;2;Exp22DM08_inoc1_saisie_V2;Fichier total
Exp22DM08-Inoc1-T3-P88;9.0;0.0;;1.0;9.0;9.0;b;2;Exp22DM08_inoc1_saisie_V2;Fichier total
Exp22DM08-Inoc1-T3-P88;9.0;0.0;;0.0;;;c;2;Exp22DM08_inoc1_saisie_V2;Fichier total
Exp22DM08-Inoc1-T4-P1;7.0;1.0;7.0;0.0;;;a;1;Exp22DM08_inoc1_saisie_V2;Fichier total
Exp22DM08-Inoc1-T4-P1;7.0;1.0;7.0;1.0;9.0;7.0;b;1;Exp22DM08_inoc1_saisie_V2;Fichier total
Exp22DM08-Inoc1-T4-P1;7.0;1.0;5.0;1.0;9.0;9.0;c;1;Exp22DM08_inoc1_saisie_V2;Fichier total
Exp22DM08-Inoc1-T4-P1;7.0;1.0;9.0;1.0;9.0;9.0;a;2;Exp22DM08_inoc1_saisie_V2;Fichier total
Exp22DM08-Inoc1-T4-P1;9.0;0.0;;0.0;;;b;2;Exp22DM08_inoc1_saisie_V2;Fichier total
Exp22DM08-Inoc1-T4-P1;7.0;1.0;9.0;1.0;9.0;7.0;c;2;Exp22DM08_inoc1_saisie_V2;Fichier total
Exp22DM08-Inoc1-T4-P1;7.0;1.0;9.0;1.0;7.0;7.0;a;3;Exp22DM08_inoc1_saisie_V2;Fichier total
Exp22DM08-Inoc1-T4-P1;7.0;1.0;9.0;1.0;7.0;7.0;b;3;Exp22DM08_inoc1_saisie_V2;Fichier total
Exp22DM08-Inoc1-T4-P1;7.0;1.0;9.0;1.0;7.0;7.0;c;3;Exp22DM08_inoc1_saisie_V2;Fichier total
Exp22DM08-Inoc1-T4-P1;9.0;0.0;;1.0;7.0;9.0;a;4;Exp22DM08_inoc1_saisie_V2;Fichier total
Exp22DM08-Inoc1-T4-P1;9.0;0.0;;1.0;7.0;9.0;b;4;Exp22DM08_inoc1_saisie_V2;Fichier total
Exp22DM08-Inoc1-T4-P1;9.0;0.0;;1.0;7.0;7.0;c;4;Exp22DM08_inoc1_saisie_V2;Fichier total
Exp22DM08-Inoc1-T4-P2;9.0;0.0;;1.0;5.0;9.0;a;1;Exp22DM08_inoc1_saisie_V2;Fichier total
Exp22DM08-Inoc1-T4-P2;9.0;0.0;;1.0;5.0;9.0;b;1;Exp22DM08_inoc1_saisie_V2;Fichier total
Exp22DM08-Inoc1-T4-P2;9.0;0.0;;1.0;7.0;9.0;c;1;Exp22DM08_inoc1_saisie_V2;Fichier total
Exp22DM08-Inoc1-T4-P2;9.0;0.0;;1.0;9.0;9.0;a;2;Exp22DM08_inoc1_saisie_V2;Fichier total
Exp22DM08-Inoc1-T4-P2;9.0;0.0;;1.0;9.0;9.0;b;2;Exp22DM08_inoc1_saisie_V2;Fichier total
Exp22DM08-Inoc1-T4-P2;9.0;0.0;;1.0;9.0;7.0;c;2;Exp22DM08_inoc1_saisie_V2;Fichier total
Exp22DM08-Inoc1-T4-P2;5.0;1.0;5.0;0.0;;;a;3;Exp22DM08_inoc1_saisie_V2;Fichier total
Exp22DM08-Inoc1-T4-P2;5.0;1.0;5.0;1.0;9.0;5.0;b;3;Exp22DM08_inoc1_saisie_V2;Fichier total
Exp22DM08-Inoc1-T4-P2;5.0;1.0;5.0;1.0;9.0;7.0;c;3;Exp22DM08_inoc1_saisie_V2;Fichier total
Exp22DM08-Inoc1-T4-P2;9.0;0.0;;1.0;9.0;9.0;a;4;Exp22DM08_inoc1_saisie_V2;Fichier total
Exp22DM08-Inoc1-T4-P2;9.0;0.0;;1.0;9.0;7.0;b;4;Exp22DM08_inoc1_saisie_V2;Fichier total
Exp22DM08-Inoc1-T4-P2;9.0;0.0;;1.0;7.0;7.0;c;4;Exp22DM08_inoc1_saisie_V2;Fichier total
Exp22DM08-Inoc1-T4-P3;7.0;1.0;9.0;1.0;9.0;7.0;a;1;Exp22DM08_inoc1_saisie_V2;Fichier total
Exp22DM08-Inoc1-T4-P3;7.0;1.0;9.0;1.0;7.0;7.0;b;1;Exp22DM08_inoc1_saisie_V2;Fichier total
Exp22DM08-Inoc1-T4-P3;7.0;1.0;9.0;1.0;7.0;7.0;c;1;Exp22DM08_inoc1_saisie_V2;Fichier total
Exp22DM08-Inoc1-T4-P3;7.0;1.0;5.0;1.0;9.0;7.0;a;2;Exp22DM08_inoc1_saisie_V2;Fichier total
Exp22DM08-Inoc1-T4-P3;7.0;1.0;7.0;1.0;9.0;9.0;b;2;Exp22DM08_inoc1_saisie_V2;Fichier total
Exp22DM08-Inoc1-T4-P3;7.0;1.0;5.0;0.0;;;c;2;Exp22DM08_inoc1_saisie_V2;Fichier total
Exp22DM08-Inoc1-T4-P3;5.0;1.0;3.0;0.0;;;a;3;Exp22DM08_inoc1_saisie_V2;Fichier total
Exp22DM08-Inoc1-T4-P3;5.0;1.0;5.0;1.0;9.0;7.0;b;3;Exp22DM08_inoc1_saisie_V2;Fichier total
Exp22DM08-Inoc1-T4-P3;5.0;1.0;5.0;0.0;;;c;3;Exp22DM08_inoc1_saisie_V2;Fichier total
Exp22DM08-Inoc1-T4-P3;7.0;1.0;9.0;1.0;7.0;7.0;a;4;Exp22DM08_inoc1_saisie_V2;Fichier total
Exp22DM08-Inoc1-T4-P3;7.0;1.0;9.0;1.0;7.0;7.0;b;4;Exp22DM08_inoc1_saisie_V2;Fichier total
Exp22DM08-Inoc1-T4-P3;7.0;1.0;9.0;1.0;7.0;7.0;c;4;Exp22DM08_inoc1_saisie_V2;Fichier total
Exp22DM08-Inoc1-T4-P4;9.0;0.0;;1.0;7.0;9.0;a;1;Exp22DM08_inoc1_saisie_V2;Fichier total
Exp22DM08-Inoc1-T4-P4;9.0;0.0;;1.0;5.0;9.0;b;1;Exp22DM08_inoc1_saisie_V2;Fichier total
Exp22DM08-Inoc1-T4-P4;9.0;0.0;;1.0;9.0;9.0;c;1;Exp22DM08_inoc1_saisie_V2;Fichier total
Exp22DM08-Inoc1-T4-P4;9.0;0.0;;1.0;3.0;9.0;a;2;Exp22DM08_inoc1_saisie_V2;Fichier total
Exp22DM08-Inoc1-T4-P4;9.0;0.0;;1.0;7.0;9.0;b;2;Exp22DM08_inoc1_saisie_V2;Fichier total
Exp22DM08-Inoc1-T4-P4;9.0;0.0;;1.0;7.0;9.0;c;2;Exp22DM08_inoc1_saisie_V2;Fichier total
Exp22DM08-Inoc1-T4-P4;9.0;0.0;;0.0;;;a;3;Exp22DM08_inoc1_saisie_V2;Fichier total
Exp22DM08-Inoc1-T4-P4;7.0;1.0;9.0;1.0;9.0;9.0;b;3;Exp22DM08_inoc1_saisie_V2;Fichier total
Exp22DM08-Inoc1-T4-P4;9.0;0.0;;0.0;;;c;3;Exp22DM08_inoc1_saisie_V2;Fichier total
Exp22DM08-Inoc1-T4-P4;5.0;1.0;7.0;1.0;9.0;9.0;a;4;Exp22DM08_inoc1_saisie_V2;Fichier total
Exp22DM08-Inoc1-T4-P4;5.0;1.0;7.0;1.0;9.0;7.0;b;4;Exp22DM08_inoc1_saisie_V2;Fichier total
Exp22DM08-Inoc1-T4-P4;5.0;1.0;7.0;1.0;9.0;9.0;c;4;Exp22DM08_inoc1_saisie_V2;Fichier total
Exp22DM08-Inoc1-T4-P5;5.0;1.0;7.0;0.0;;;a;1;Exp22DM08_inoc1_saisie_V2;Fichier total
Exp22DM08-Inoc1-T4-P5;5.0;1.0;7.0;1.0;9.0;7.0;b;1;Exp22DM08_inoc1_saisie_V2;Fichier total
Exp22DM08-Inoc1-T4-P5;5.0;1.0;7.0;1.0;9.0;7.0;c;1;Exp22DM08_inoc1_saisie_V2;Fichier total
Exp22DM08-Inoc1-T4-P5;7.0;1.0;9.0;1.0;9.0;7.0;a;2;Exp22DM08_inoc1_saisie_V2;Fichier total
Exp22DM08-Inoc1-T4-P5;7.0;1.0;9.0;1.0;5.0;7.0;b;2;Exp22DM08_inoc1_saisie_V2;Fichier total
Exp22DM08-Inoc1-T4-P5;7.0;1.0;9.0;1.0;5.0;7.0;c;2;Exp22DM08_inoc1_saisie_V2;Fichier total
Exp22DM08-Inoc1-T4-P5;5.0;1.0;5.0;0.0;;;a;3;Exp22DM08_inoc1_saisie_V2;Fichier total
Exp22DM08-Inoc1-T4-P5;3.0;1.0;5.0;0.0;;;b;3;Exp22DM08_inoc1_saisie_V2;Fichier total
Exp22DM08-Inoc1-T4-P5;3.0;1.0;3.0;0.0;;;c;3;Exp22DM08_inoc1_saisie_V2;Fichier total
Exp22DM08-Inoc1-T4-P5;7.0;1.0;9.0;1.0;9.0;9.0;a;4;Exp22DM08_inoc1_saisie_V2;Fichier total
Exp22DM08-Inoc1-T4-P5;7.0;1.0;9.0;1.0;9.0;7.0;b;4;Exp22DM08_inoc1_saisie_V2;Fichier total
Exp22DM08-Inoc1-T4-P5;7.0;1.0;7.0;1.0;9.0;7.0;c;4;Exp22DM08_inoc1_saisie_V2;Fichier total
Exp22DM08-Inoc1-T4-P6;7.0;1.0;9.0;1.0;9.0;9.0;a;1;Exp22DM08_inoc1_saisie_V2;Fichier total
Exp22DM08-Inoc1-T4-P6;7.0;1.0;9.0;1.0;7.0;9.0;b;1;Exp22DM08_inoc1_saisie_V2;Fichier total
Exp22DM08-Inoc1-T4-P6;7.0;1.0;9.0;1.0;7.0;9.0;c;1;Exp22DM08_inoc1_saisie_V2;Fichier total
Exp22DM08-Inoc1-T4-P6;9.0;0.0;;1.0;9.0;9.0;a;2;Exp22DM08_inoc1_saisie_V2;Fichier total
Exp22DM08-Inoc1-T4-P6;9.0;0.0;;1.0;9.0;7.0;b;2;Exp22DM08_inoc1_saisie_V2;Fichier total
Exp22DM08-Inoc1-T4-P6;9.0;0.0;;1.0;9.0;7.0;c;2;Exp22DM08_inoc1_saisie_V2;Fichier total
Exp22DM08-Inoc1-T4-P6;9.0;0.0;;1.0;5.0;9.0;a;3;Exp22DM08_inoc1_saisie_V2;Fichier total
Exp22DM08-Inoc1-T4-P6;9.0;0.0;;1.0;7.0;9.0;b;3;Exp22DM08_inoc1_saisie_V2;Fichier total
Exp22DM08-Inoc1-T4-P6;9.0;0.0;;1.0;7.0;9.0;c;3;Exp22DM08_inoc1_saisie_V2;Fichier total
Exp22DM08-Inoc1-T4-P6;7.0;1.0;7.0;0.0;;;a;4;Exp22DM08_inoc1_saisie_V2;Fichier total
Exp22DM08-Inoc1-T4-P6;7.0;1.0;7.0;0.0;;;b;4;Exp22DM08_inoc1_saisie_V2;Fichier total
Exp22DM08-Inoc1-T4-P6;7.0;1.0;7.0;1.0;9.0;7.0;c;4;Exp22DM08_inoc1_saisie_V2;Fichier total
Exp22DM08-Inoc1-T4-P7;7.0;1.0;7.0;1.0;7.0;7.0;a;1;Exp22DM08_inoc1_saisie_V2;Fichier total
Exp22DM08-Inoc1-T4-P7;5.0;1.0;7.0;1.0;7.0;7.0;b;1;Exp22DM08_inoc1_saisie_V2;Fichier total
Exp22DM08-Inoc1-T4-P7;5.0;1.0;7.0;1.0;7.0;7.0;c;1;Exp22DM08_inoc1_saisie_V2;Fichier total
Exp22DM08-Inoc1-T4-P7;5.0;1.0;7.0;0.0;;;a;2;Exp22DM08_inoc1_saisie_V2;Fichier total
Exp22DM08-Inoc1-T4-P7;5.0;1.0;7.0;0.0;;;b;2;Exp22DM08_inoc1_saisie_V2;Fichier total
Exp22DM08-Inoc1-T4-P7;5.0;1.0;7.0;1.0;9.0;7.0;c;2;Exp22DM08_inoc1_saisie_V2;Fichier total
Exp22DM08-Inoc1-T4-P7;9.0;0.0;;1.0;5.0;7.0;a;3;Exp22DM08_inoc1_saisie_V2;Fichier total
Exp22DM08-Inoc1-T4-P7;9.0;0.0;;1.0;7.0;7.0;b;3;Exp22DM08_inoc1_saisie_V2;Fichier total
Exp22DM08-Inoc1-T4-P7;9.0;0.0;;1.0;7.0;7.0;c;3;Exp22DM08_inoc1_saisie_V2;Fichier total
Exp22DM08-Inoc1-T4-P7;7.0;1.0;9.0;0.0;;;a;4;Exp22DM08_inoc1_saisie_V2;Fichier total
Exp22DM08-Inoc1-T4-P7;9.0;0.0;;0.0;;;b;4;Exp22DM08_inoc1_saisie_V2;Fichier total
Exp22DM08-Inoc1-T4-P7;9.0;0.0;;1.0;9.0;7.0;c;4;Exp22DM08_inoc1_saisie_V2;Fichier total
Exp22DM08-Inoc1-T4-P8;7.0;1.0;7.0;1.0;5.0;5.0;a;1;Exp22DM08_inoc1_saisie_V2;Fichier total
Exp22DM08-Inoc1-T4-P8;7.0;1.0;7.0;1.0;5.0;5.0;b;1;Exp22DM08_inoc1_saisie_V2;Fichier total
Exp22DM08-Inoc1-T4-P8;7.0;1.0;7.0;1.0;5.0;5.0;c;1;Exp22DM08_inoc1_saisie_V2;Fichier total
Exp22DM08-Inoc1-T4-P8;9.0;0.0;;1.0;5.0;7.0;a;2;Exp22DM08_inoc1_saisie_V2;Fichier total
Exp22DM08-Inoc1-T4-P8;9.0;0.0;;1.0;7.0;7.0;b;2;Exp22DM08_inoc1_saisie_V2;Fichier total
Exp22DM08-Inoc1-T4-P8;9.0;0.0;;1.0;7.0;5.0;c;2;Exp22DM08_inoc1_saisie_V2;Fichier total
Exp22DM08-Inoc1-T4-P8;7.0;1.0;5.0;1.0;9.0;5.0;a;3;Exp22DM08_inoc1_saisie_V2;Fichier total
Exp22DM08-Inoc1-T4-P8;5.0;1.0;7.0;1.0;9.0;9.0;b;3;Exp22DM08_inoc1_saisie_V2;Fichier total
Exp22DM08-Inoc1-T4-P8;7.0;1.0;7.0;1.0;9.0;7.0;c;3;Exp22DM08_inoc1_saisie_V2;Fichier total
Exp22DM08-Inoc1-T4-P8;9.0;0.0;;0.0;;;a;4;Exp22DM08_inoc1_saisie_V2;Fichier total
Exp22DM08-Inoc1-T4-P8;9.0;0.0;;0.0;;;b;4;Exp22DM08_inoc1_saisie_V2;Fichier total
Exp22DM08-Inoc1-T4-P8;9.0;0.0;;0.0;;;c;4;Exp22DM08_inoc1_saisie_V2;Fichier total
Exp22DM08-Inoc1-T4-P9;9.0;0.0;;1.0;5.0;9.0;a;1;Exp22DM08_inoc1_saisie_V2;Fichier total
Exp22DM08-Inoc1-T4-P9;9.0;0.0;;1.0;7.0;9.0;b;1;Exp22DM08_inoc1_saisie_V2;Fichier total
Exp22DM08-Inoc1-T4-P9;9.0;0.0;;1.0;5.0;9.0;c;1;Exp22DM08_inoc1_saisie_V2;Fichier total
Exp22DM08-Inoc1-T4-P9;5.0;1.0;5.0;0.0;;;a;2;Exp22DM08_inoc1_saisie_V2;Fichier total
Exp22DM08-Inoc1-T4-P9;5.0;1.0;5.0;0.0;;;b;2;Exp22DM08_inoc1_saisie_V2;Fichier total
Exp22DM08-Inoc1-T4-P9;5.0;1.0;5.0;1.0;7.0;9.0;c;2;Exp22DM08_inoc1_saisie_V2;Fichier total
Exp22DM08-Inoc1-T4-P9;9.0;0.0;;1.0;9.0;9.0;a;3;Exp22DM08_inoc1_saisie_V2;Fichier total
Exp22DM08-Inoc1-T4-P9;9.0;0.0;;1.0;9.0;9.0;b;3;Exp22DM08_inoc1_saisie_V2;Fichier total
Exp22DM08-Inoc1-T4-P9;9.0;0.0;;1.0;7.0;9.0;c;3;Exp22DM08_inoc1_saisie_V2;Fichier total
Exp22DM08-Inoc1-T4-P9;9.0;0.0;;1.0;7.0;9.0;a;4;Exp22DM08_inoc1_saisie_V2;Fichier total
Exp22DM08-Inoc1-T4-P9;9.0;0.0;;1.0;5.0;7.0;b;4;Exp22DM08_inoc1_saisie_V2;Fichier total
Exp22DM08-Inoc1-T4-P9;9.0;0.0;;1.0;7.0;7.0;c;4;Exp22DM08_inoc1_saisie_V2;Fichier total
Exp22DM08-Inoc1-T4-P10;7.0;1.0;7.0;1.0;5.0;7.0;a;1;Exp22DM08_inoc1_saisie_V2;Fichier total
Exp22DM08-Inoc1-T4-P10;7.0;1.0;7.0;1.0;7.0;7.0;b;1;Exp22DM08_inoc1_saisie_V2;Fichier total
Exp22DM08-Inoc1-T4-P10;5.0;1.0;7.0;1.0;7.0;7.0;c;1;Exp22DM08_inoc1_saisie_V2;Fichier total
Exp22DM08-Inoc1-T4-P10;9.0;0.0;;0.0;;;a;2;Exp22DM08_inoc1_saisie_V2;Fichier total
Exp22DM08-Inoc1-T4-P10;9.0;0.0;;1.0;9.0;5.0;b;2;Exp22DM08_inoc1_saisie_V2;Fichier total
Exp22DM08-Inoc1-T4-P10;9.0;0.0;;1.0;9.0;5.0;c;2;Exp22DM08_inoc1_saisie_V2;Fichier total
Exp22DM08-Inoc1-T4-P10;9.0;0.0;;1.0;7.0;5.0;a;3;Exp22DM08_inoc1_saisie_V2;Fichier total
Exp22DM08-Inoc1-T4-P10;7.0;1.0;9.0;1.0;5.0;5.0;b;3;Exp22DM08_inoc1_saisie_V2;Fichier total
Exp22DM08-Inoc1-T4-P10;7.0;1.0;9.0;1.0;7.0;7.0;c;3;Exp22DM08_inoc1_saisie_V2;Fichier total
Exp22DM08-Inoc1-T4-P10;5.0;1.0;3.0;0.0;;;a;4;Exp22DM08_inoc1_saisie_V2;Fichier total
Exp22DM08-Inoc1-T4-P10;3.0;1.0;3.0;0.0;;;b;4;Exp22DM08_inoc1_saisie_V2;Fichier total
Exp22DM08-Inoc1-T4-P10;5.0;1.0;3.0;1.0;9.0;5.0;c;4;Exp22DM08_inoc1_saisie_V2;Fichier total
Exp22DM08-Inoc1-T4-P11;7.0;1.0;9.0;1.0;9.0;9.0;a;1;Exp22DM08_inoc1_saisie_V2;Fichier total
Exp22DM08-Inoc1-T4-P11;7.0;1.0;9.0;1.0;5.0;7.0;b;1;Exp22DM08_inoc1_saisie_V2;Fichier total
Exp22DM08-Inoc1-T4-P11;7.0;1.0;9.0;1.0;5.0;9.0;c;1;Exp22DM08_inoc1_saisie_V2;Fichier total
Exp22DM08-Inoc1-T4-P11;9.0;0.0;;1.0;7.0;7.0;a;2;Exp22DM08_inoc1_saisie_V2;Fichier total
Exp22DM08-Inoc1-T4-P11;7.0;1.0;7.0;1.0;7.0;7.0;b;2;Exp22DM08_inoc1_saisie_V2;Fichier total
Exp22DM08-Inoc1-T4-P11;7.0;1.0;9.0;1.0;9.0;7.0;c;2;Exp22DM08_inoc1_saisie_V2;Fichier total
Exp22DM08-Inoc1-T4-P11;7.0;1.0;9.0;1.0;7.0;9.0;a;3;Exp22DM08_inoc1_saisie_V2;Fichier total
Exp22DM08-Inoc1-T4-P11;7.0;1.0;9.0;1.0;7.0;7.0;b;3;Exp22DM08_inoc1_saisie_V2;Fichier total
Exp22DM08-Inoc1-T4-P11;7.0;1.0;9.0;1.0;7.0;7.0;c;3;Exp22DM08_inoc1_saisie_V2;Fichier total
Exp22DM08-Inoc1-T4-P11;7.0;1.0;7.0;0.0;;;a;4;Exp22DM08_inoc1_saisie_V2;Fichier total
Exp22DM08-Inoc1-T4-P11;7.0;1.0;7.0;0.0;;;b;4;Exp22DM08_inoc1_saisie_V2;Fichier total
Exp22DM08-Inoc1-T4-P11;7.0;1.0;7.0;1.0;7.0;7.0;c;4;Exp22DM08_inoc1_saisie_V2;Fichier total
Exp22DM08-Inoc1-T4-P12;9.0;0.0;;1.0;5.0;7.0;a;1;Exp22DM08_inoc1_saisie_V2;Fichier total
Exp22DM08-Inoc1-T4-P12;9.0;0.0;;1.0;5.0;7.0;b;1;Exp22DM08_inoc1_saisie_V2;Fichier total
Exp22DM08-Inoc1-T4-P12;9.0;0.0;;1.0;7.0;7.0;c;1;Exp22DM08_inoc1_saisie_V2;Fichier total
Exp22DM08-Inoc1-T4-P12;5.0;1.0;5.0;0.0;;;a;2;Exp22DM08_inoc1_saisie_V2;Fichier total
Exp22DM08-Inoc1-T4-P12;3.0;1.0;5.0;0.0;;;b;2;Exp22DM08_inoc1_saisie_V2;Fichier total
Exp22DM08-Inoc1-T4-P12;3.0;1.0;7.0;0.0;;;c;2;Exp22DM08_inoc1_saisie_V2;Fichier total
Exp22DM08-Inoc1-T4-P12;3.0;1.0;1.0;0.0;;;a;3;Exp22DM08_inoc1_saisie_V2;Fichier total
Exp22DM08-Inoc1-T4-P12;3.0;1.0;1.0;0.0;;;b;3;Exp22DM08_inoc1_saisie_V2;Fichier total
Exp22DM08-Inoc1-T4-P12;5.0;1.0;1.0;0.0;;;c;3;Exp22DM08_inoc1_saisie_V2;Fichier total
Exp22DM08-Inoc1-T4-P12;9.0;0.0;;1.0;7.0;9.0;a;4;Exp22DM08_inoc1_saisie_V2;Fichier total
Exp22DM08-Inoc1-T4-P12;9.0;0.0;;1.0;5.0;9.0;b;4;Exp22DM08_inoc1_saisie_V2;Fichier total
Exp22DM08-Inoc1-T4-P12;9.0;0.0;;1.0;9.0;9.0;c;4;Exp22DM08_inoc1_saisie_V2;Fichier total
Exp22DM08-Inoc1-T4-P13;9.0;0.0;;1.0;7.0;9.0;a;1;Exp22DM08_inoc1_saisie_V2;Fichier total
Exp22DM08-Inoc1-T4-P13;9.0;0.0;;1.0;7.0;7.0;b;1;Exp22DM08_inoc1_saisie_V2;Fichier total
Exp22DM08-Inoc1-T4-P13;7.0;1.0;9.0;1.0;7.0;9.0;c;1;Exp22DM08_inoc1_saisie_V2;Fichier total
Exp22DM08-Inoc1-T4-P13;9.0;0.0;;1.0;3.0;7.0;a;2;Exp22DM08_inoc1_saisie_V2;Fichier total
Exp22DM08-Inoc1-T4-P13;9.0;0.0;;1.0;3.0;7.0;b;2;Exp22DM08_inoc1_saisie_V2;Fichier total
Exp22DM08-Inoc1-T4-P13;7.0;1.0;9.0;1.0;7.0;9.0;c;2;Exp22DM08_inoc1_saisie_V2;Fichier total
Exp22DM08-Inoc1-T4-P13;9.0;0.0;;1.0;9.0;7.0;a;3;Exp22DM08_inoc1_saisie_V2;Fichier total
Exp22DM08-Inoc1-T4-P13;9.0;0.0;;1.0;7.0;7.0;b;3;Exp22DM08_inoc1_saisie_V2;Fichier total
Exp22DM08-Inoc1-T4-P13;9.0;0.0;;1.0;5.0;7.0;c;3;Exp22DM08_inoc1_saisie_V2;Fichier total
Exp22DM08-Inoc1-T4-P13;7.0;1.0;7.0;1.0;7.0;7.0;a;4;Exp22DM08_inoc1_saisie_V2;Fichier total
Exp22DM08-Inoc1-T4-P13;7.0;1.0;7.0;1.0;7.0;7.0;b;4;Exp22DM08_inoc1_saisie_V2;Fichier total
Exp22DM08-Inoc1-T4-P13;7.0;1.0;7.0;1.0;7.0;9.0;c;4;Exp22DM08_inoc1_saisie_V2;Fichier total
Exp22DM08-Inoc1-T4-P14;7.0;1.0;1.0;0.0;;;a;1;Exp22DM08_inoc1_saisie_V2;Fichier total
Exp22DM08-Inoc1-T4-P14;5.0;1.0;1.0;0.0;;;b;1;Exp22DM08_inoc1_saisie_V2;Fichier total
Exp22DM08-Inoc1-T4-P14;5.0;1.0;1.0;0.0;;;c;1;Exp22DM08_inoc1_saisie_V2;Fichier total
Exp22DM08-Inoc1-T4-P14;3.0;1.0;1.0;0.0;;;a;2;Exp22DM08_inoc1_saisie_V2;Fichier total
Exp22DM08-Inoc1-T4-P14;3.0;1.0;5.0;0.0;;;b;2;Exp22DM08_inoc1_saisie_V2;Fichier total
Exp22DM08-Inoc1-T4-P14;3.0;1.0;1.0;0.0;;;c;2;Exp22DM08_inoc1_saisie_V2;Fichier total
Exp22DM08-Inoc1-T4-P14;9.0;0.0;;1.0;9.0;9.0;a;3;Exp22DM08_inoc1_saisie_V2;Fichier total
Exp22DM08-Inoc1-T4-P14;9.0;0.0;;1.0;9.0;9.0;b;3;Exp22DM08_inoc1_saisie_V2;Fichier total
Exp22DM08-Inoc1-T4-P14;9.0;0.0;;1.0;9.0;9.0;c;3;Exp22DM08_inoc1_saisie_V2;Fichier total
Exp22DM08-Inoc1-T4-P14;7.0;1.0;9.0;1.0;5.0;7.0;a;4;Exp22DM08_inoc1_saisie_V2;Fichier total
Exp22DM08-Inoc1-T4-P14;7.0;1.0;9.0;1.0;7.0;7.0;b;4;Exp22DM08_inoc1_saisie_V2;Fichier total
Exp22DM08-Inoc1-T4-P14;7.0;1.0;9.0;1.0;7.0;7.0;c;4;Exp22DM08_inoc1_saisie_V2;Fichier total
Exp22DM08-Inoc1-T4-P15;7.0;1.0;9.0;1.0;9.0;9.0;a;1;Exp22DM08_inoc1_saisie_V2;Fichier total
Exp22DM08-Inoc1-T4-P15;7.0;1.0;9.0;1.0;7.0;9.0;b;1;Exp22DM08_inoc1_saisie_V2;Fichier total
Exp22DM08-Inoc1-T4-P15;7.0;1.0;9.0;1.0;7.0;9.0;c;1;Exp22DM08_inoc1_saisie_V2;Fichier total
Exp22DM08-Inoc1-T4-P15;9.0;0.0;;1.0;9.0;7.0;a;2;Exp22DM08_inoc1_saisie_V2;Fichier total
Exp22DM08-Inoc1-T4-P15;7.0;1.0;9.0;1.0;9.0;9.0;b;2;Exp22DM08_inoc1_saisie_V2;Fichier total
Exp22DM08-Inoc1-T4-P15;9.0;0.0;;1.0;7.0;9.0;c;2;Exp22DM08_inoc1_saisie_V2;Fichier total
Exp22DM08-Inoc1-T4-P15;7.0;1.0;7.0;1.0;7.0;5.0;a;3;Exp22DM08_inoc1_saisie_V2;Fichier total
Exp22DM08-Inoc1-T4-P15;5.0;1.0;7.0;1.0;7.0;7.0;b;3;Exp22DM08_inoc1_saisie_V2;Fichier total
Exp22DM08-Inoc1-T4-P15;5.0;1.0;7.0;0.0;;;c;3;Exp22DM08_inoc1_saisie_V2;Fichier total
Exp22DM08-Inoc1-T4-P15;5.0;1.0;7.0;1.0;9.0;9.0;a;4;Exp22DM08_inoc1_saisie_V2;Fichier total
Exp22DM08-Inoc1-T4-P15;5.0;1.0;7.0;0.0;;;b;4;Exp22DM08_inoc1_saisie_V2;Fichier total
Exp22DM08-Inoc1-T4-P15;5.0;1.0;7.0;0.0;;;c;4;Exp22DM08_inoc1_saisie_V2;Fichier total
Exp22DM08-Inoc1-T4-P16;7.0;1.0;7.0;0.0;;;a;1;Exp22DM08_inoc1_saisie_V2;Fichier total
Exp22DM08-Inoc1-T4-P16;7.0;1.0;5.0;0.0;;;b;1;Exp22DM08_inoc1_saisie_V2;Fichier total
Exp22DM08-Inoc1-T4-P16;7.0;1.0;5.0;0.0;;;c;1;Exp22DM08_inoc1_saisie_V2;Fichier total
Exp22DM08-Inoc1-T4-P16;7.0;1.0;7.0;1.0;9.0;9.0;a;2;Exp22DM08_inoc1_saisie_V2;Fichier total
Exp22DM08-Inoc1-T4-P16;7.0;1.0;7.0;1.0;7.0;5.0;b;2;Exp22DM08_inoc1_saisie_V2;Fichier total
Exp22DM08-Inoc1-T4-P16;7.0;1.0;7.0;1.0;9.0;5.0;c;2;Exp22DM08_inoc1_saisie_V2;Fichier total
Exp22DM08-Inoc1-T4-P16;7.0;1.0;3.0;0.0;;;a;3;Exp22DM08_inoc1_saisie_V2;Fichier total
Exp22DM08-Inoc1-T4-P16;7.0;1.0;3.0;0.0;;;b;3;Exp22DM08_inoc1_saisie_V2;Fichier total
Exp22DM08-Inoc1-T4-P16;5.0;1.0;3.0;0.0;;;c;3;Exp22DM08_inoc1_saisie_V2;Fichier total
Exp22DM08-Inoc1-T4-P16;9.0;0.0;;1.0;9.0;5.0;a;4;Exp22DM08_inoc1_saisie_V2;Fichier total
Exp22DM08-Inoc1-T4-P16;7.0;1.0;9.0;1.0;7.0;5.0;b;4;Exp22DM08_inoc1_saisie_V2;Fichier total
Exp22DM08-Inoc1-T4-P16;9.0;0.0;;1.0;7.0;5.0;c;4;Exp22DM08_inoc1_saisie_V2;Fichier total
Exp22DM08-Inoc1-T4-P17;5.0;1.0;1.0;0.0;;;a;1;Exp22DM08_inoc1_saisie_V2;Fichier total
Exp22DM08-Inoc1-T4-P17;3.0;1.0;1.0;0.0;;;b;1;Exp22DM08_inoc1_saisie_V2;Fichier total
Exp22DM08-Inoc1-T4-P17;3.0;1.0;1.0;0.0;;;c;1;Exp22DM08_inoc1_saisie_V2;Fichier total
Exp22DM08-Inoc1-T4-P17;9.0;0.0;;1.0;7.0;9.0;a;2;Exp22DM08_inoc1_saisie_V2;Fichier total
Exp22DM08-Inoc1-T4-P17;9.0;0.0;;1.0;7.0;7.0;b;2;Exp22DM08_inoc1_saisie_V2;Fichier total
Exp22DM08-Inoc1-T4-P17;9.0;0.0;;1.0;9.0;7.0;c;2;Exp22DM08_inoc1_saisie_V2;Fichier total
Exp22DM08-Inoc1-T4-P17;5.0;1.0;1.0;0.0;;;a;3;Exp22DM08_inoc1_saisie_V2;Fichier total
Exp22DM08-Inoc1-T4-P17;3.0;1.0;3.0;0.0;;;b;3;Exp22DM08_inoc1_saisie_V2;Fichier total
Exp22DM08-Inoc1-T4-P17;3.0;1.0;1.0;0.0;;;c;3;Exp22DM08_inoc1_saisie_V2;Fichier total
Exp22DM08-Inoc1-T4-P17;9.0;0.0;;0.0;;;a;4;Exp22DM08_inoc1_saisie_V2;Fichier total
Exp22DM08-Inoc1-T4-P17;9.0;0.0;;1.0;9.0;5.0;b;4;Exp22DM08_inoc1_saisie_V2;Fichier total
Exp22DM08-Inoc1-T4-P17;9.0;0.0;;1.0;7.0;7.0;c;4;Exp22DM08_inoc1_saisie_V2;Fichier total
Exp22DM08-Inoc1-T4-P18;7.0;1.0;9.0;1.0;3.0;9.0;a;1;Exp22DM08_inoc1_saisie_V2;Fichier total
Exp22DM08-Inoc1-T4-P18;7.0;1.0;9.0;1.0;3.0;9.0;b;1;Exp22DM08_inoc1_saisie_V2;Fichier total
Exp22DM08-Inoc1-T4-P18;7.0;1.0;9.0;1.0;3.0;7.0;c;1;Exp22DM08_inoc1_saisie_V2;Fichier total
Exp22DM08-Inoc1-T4-P18;7.0;1.0;9.0;1.0;3.0;5.0;a;2;Exp22DM08_inoc1_saisie_V2;Fichier total
Exp22DM08-Inoc1-T4-P18;9.0;0.0;;1.0;5.0;7.0;b;2;Exp22DM08_inoc1_saisie_V2;Fichier total
Exp22DM08-Inoc1-T4-P18;9.0;0.0;;1.0;3.0;3.0;c;2;Exp22DM08_inoc1_saisie_V2;Fichier total
Exp22DM08-Inoc1-T4-P18;7.0;1.0;9.0;1.0;5.0;9.0;a;3;Exp22DM08_inoc1_saisie_V2;Fichier total
Exp22DM08-Inoc1-T4-P18;7.0;1.0;9.0;1.0;5.0;7.0;b;3;Exp22DM08_inoc1_saisie_V2;Fichier total
Exp22DM08-Inoc1-T4-P18;7.0;1.0;9.0;1.0;5.0;5.0;c;3;Exp22DM08_inoc1_saisie_V2;Fichier total
Exp22DM08-Inoc1-T4-P18;7.0;1.0;9.0;0.0;;;a;4;Exp22DM08_inoc1_saisie_V2;Fichier total
Exp22DM08-Inoc1-T4-P18;9.0;0.0;;0.0;;;b;4;Exp22DM08_inoc1_saisie_V2;Fichier total
Exp22DM08-Inoc1-T4-P18;9.0;0.0;;0.0;;;c;4;Exp22DM08_inoc1_saisie_V2;Fichier total
Exp22DM08-Inoc1-T4-P19;9.0;0.0;;1.0;7.0;9.0;a;1;Exp22DM08_inoc1_saisie_V2;Fichier total
Exp22DM08-Inoc1-T4-P19;9.0;0.0;;1.0;7.0;7.0;b;1;Exp22DM08_inoc1_saisie_V2;Fichier total
Exp22DM08-Inoc1-T4-P19;9.0;0.0;;1.0;5.0;7.0;c;1;Exp22DM08_inoc1_saisie_V2;Fichier total
Exp22DM08-Inoc1-T4-P19;9.0;0.0;;1.0;9.0;7.0;a;2;Exp22DM08_inoc1_saisie_V2;Fichier total
Exp22DM08-Inoc1-T4-P19;9.0;0.0;;1.0;9.0;9.0;b;2;Exp22DM08_inoc1_saisie_V2;Fichier total
Exp22DM08-Inoc1-T4-P19;9.0;0.0;;1.0;9.0;7.0;c;2;Exp22DM08_inoc1_saisie_V2;Fichier total
Exp22DM08-Inoc1-T4-P19;9.0;0.0;;1.0;3.0;5.0;a;3;Exp22DM08_inoc1_saisie_V2;Fichier total
Exp22DM08-Inoc1-T4-P19;9.0;0.0;;1.0;3.0;9.0;b;3;Exp22DM08_inoc1_saisie_V2;Fichier total
Exp22DM08-Inoc1-T4-P19;9.0;0.0;;1.0;3.0;9.0;c;3;Exp22DM08_inoc1_saisie_V2;Fichier total
Exp22DM08-Inoc1-T4-P19;9.0;0.0;;0.0;;;a;4;Exp22DM08_inoc1_saisie_V2;Fichier total
Exp22DM08-Inoc1-T4-P19;7.0;1.0;9.0;1.0;7.0;5.0;b;4;Exp22DM08_inoc1_saisie_V2;Fichier total
Exp22DM08-Inoc1-T4-P19;9.0;0.0;;1.0;9.0;5.0;c;4;Exp22DM08_inoc1_saisie_V2;Fichier total
Exp22DM08-Inoc1-T4-P20;7.0;1.0;1.0;1.0;9.0;5.0;a;1;Exp22DM08_inoc1_saisie_V2;Fichier total
Exp22DM08-Inoc1-T4-P20;5.0;1.0;1.0;0.0;;;b;1;Exp22DM08_inoc1_saisie_V2;Fichier total
Exp22DM08-Inoc1-T4-P20;5.0;1.0;1.0;0.0;;;c;1;Exp22DM08_inoc1_saisie_V2;Fichier total
Exp22DM08-Inoc1-T4-P20;7.0;1.0;1.0;1.0;5.0;7.0;a;2;Exp22DM08_inoc1_saisie_V2;Fichier total
Exp22DM08-Inoc1-T4-P20;9.0;0.0;;1.0;5.0;7.0;b;2;Exp22DM08_inoc1_saisie_V2;Fichier total
Exp22DM08-Inoc1-T4-P20;5.0;1.0;9.0;1.0;5.0;7.0;c;2;Exp22DM08_inoc1_saisie_V2;Fichier total
Exp22DM08-Inoc1-T4-P20;7.0;1.0;9.0;1.0;9.0;7.0;a;3;Exp22DM08_inoc1_saisie_V2;Fichier total
Exp22DM08-Inoc1-T4-P20;7.0;1.0;9.0;1.0;9.0;7.0;b;3;Exp22DM08_inoc1_saisie_V2;Fichier total
Exp22DM08-Inoc1-T4-P20;7.0;1.0;9.0;1.0;9.0;7.0;c;3;Exp22DM08_inoc1_saisie_V2;Fichier total
Exp22DM08-Inoc1-T4-P20;9.0;0.0;;0.0;;;a;4;Exp22DM08_inoc1_saisie_V2;Fichier total
Exp22DM08-Inoc1-T4-P20;7.0;1.0;9.0;1.0;7.0;9.0;b;4;Exp22DM08_inoc1_saisie_V2;Fichier total
Exp22DM08-Inoc1-T4-P20;7.0;1.0;9.0;0.0;;;c;4;Exp22DM08_inoc1_saisie_V2;Fichier total
Exp22DM08-Inoc1-T4-P21;7.0;1.0;9.0;1.0;7.0;5.0;a;1;Exp22DM08_inoc1_saisie_V2;Fichier total
Exp22DM08-Inoc1-T4-P21;7.0;1.0;9.0;1.0;5.0;7.0;b;1;Exp22DM08_inoc1_saisie_V2;Fichier total
Exp22DM08-Inoc1-T4-P21;7.0;1.0;9.0;1.0;5.0;7.0;c;1;Exp22DM08_inoc1_saisie_V2;Fichier total
Exp22DM08-Inoc1-T4-P21;7.0;1.0;9.0;1.0;5.0;7.0;a;2;Exp22DM08_inoc1_saisie_V2;Fichier total
Exp22DM08-Inoc1-T4-P21;9.0;0.0;;1.0;5.0;7.0;b;2;Exp22DM08_inoc1_saisie_V2;Fichier total
Exp22DM08-Inoc1-T4-P21;7.0;1.0;9.0;1.0;5.0;7.0;c;2;Exp22DM08_inoc1_saisie_V2;Fichier total
Exp22DM08-Inoc1-T4-P21;9.0;0.0;;1.0;5.0;5.0;a;3;Exp22DM08_inoc1_saisie_V2;Fichier total
Exp22DM08-Inoc1-T4-P21;7.0;1.0;7.0;1.0;3.0;5.0;b;3;Exp22DM08_inoc1_saisie_V2;Fichier total
Exp22DM08-Inoc1-T4-P21;7.0;1.0;7.0;1.0;5.0;7.0;c;3;Exp22DM08_inoc1_saisie_V2;Fichier total
Exp22DM08-Inoc1-T4-P21;5.0;1.0;7.0;1.0;7.0;7.0;a;4;Exp22DM08_inoc1_saisie_V2;Fichier total
Exp22DM08-Inoc1-T4-P21;5.0;1.0;3.0;0.0;;;b;4;Exp22DM08_inoc1_saisie_V2;Fichier total
Exp22DM08-Inoc1-T4-P21;5.0;1.0;3.0;0.0;;;c;4;Exp22DM08_inoc1_saisie_V2;Fichier total
Exp22DM08-Inoc1-T4-P22;7.0;1.0;7.0;0.0;;;a;1;Exp22DM08_inoc1_saisie_V2;Fichier total
Exp22DM08-Inoc1-T4-P22;5.0;1.0;5.0;0.0;;;b;1;Exp22DM08_inoc1_saisie_V2;Fichier total
Exp22DM08-Inoc1-T4-P22;3.0;1.0;5.0;0.0;;;c;1;Exp22DM08_inoc1_saisie_V2;Fichier total
Exp22DM08-Inoc1-T4-P22;9.0;0.0;;1.0;9.0;7.0;a;2;Exp22DM08_inoc1_saisie_V2;Fichier total
Exp22DM08-Inoc1-T4-P22;9.0;0.0;;0.0;;;b;2;Exp22DM08_inoc1_saisie_V2;Fichier total
Exp22DM08-Inoc1-T4-P22;9.0;0.0;;1.0;7.0;7.0;c;2;Exp22DM08_inoc1_saisie_V2;Fichier total
Exp22DM08-Inoc1-T4-P22;9.0;0.0;;1.0;9.0;7.0;a;3;Exp22DM08_inoc1_saisie_V2;Fichier total
Exp22DM08-Inoc1-T4-P22;9.0;0.0;;0.0;;;b;3;Exp22DM08_inoc1_saisie_V2;Fichier total
Exp22DM08-Inoc1-T4-P22;9.0;0.0;;0.0;;;c;3;Exp22DM08_inoc1_saisie_V2;Fichier total
Exp22DM08-Inoc1-T4-P22;9.0;0.0;;1.0;7.0;5.0;a;4;Exp22DM08_inoc1_saisie_V2;Fichier total
Exp22DM08-Inoc1-T4-P22;9.0;0.0;;1.0;7.0;5.0;b;4;Exp22DM08_inoc1_saisie_V2;Fichier total
Exp22DM08-Inoc1-T4-P22;9.0;0.0;;1.0;3.0;5.0;c;4;Exp22DM08_inoc1_saisie_V2;Fichier total
Exp22DM08-Inoc1-T4-P23;9.0;0.0;;0.0;;;a;1;Exp22DM08_inoc1_saisie_V2;Fichier total
Exp22DM08-Inoc1-T4-P23;9.0;0.0;;0.0;;;b;1;Exp22DM08_inoc1_saisie_V2;Fichier total
Exp22DM08-Inoc1-T4-P23;9.0;0.0;;0.0;;;c;1;Exp22DM08_inoc1_saisie_V2;Fichier total
Exp22DM08-Inoc1-T4-P23;7.0;1.0;9.0;1.0;7.0;5.0;a;2;Exp22DM08_inoc1_saisie_V2;Fichier total
Exp22DM08-Inoc1-T4-P23;9.0;0.0;;1.0;7.0;5.0;b;2;Exp22DM08_inoc1_saisie_V2;Fichier total
Exp22DM08-Inoc1-T4-P23;9.0;0.0;;1.0;7.0;7.0;c;2;Exp22DM08_inoc1_saisie_V2;Fichier total
Exp22DM08-Inoc1-T4-P23;7.0;1.0;9.0;0.0;;;a;3;Exp22DM08_inoc1_saisie_V2;Fichier total
Exp22DM08-Inoc1-T4-P23;9.0;0.0;;0.0;;;b;3;Exp22DM08_inoc1_saisie_V2;Fichier total
Exp22DM08-Inoc1-T4-P23;5.0;1.0;9.0;0.0;;;c;3;Exp22DM08_inoc1_saisie_V2;Fichier total
Exp22DM08-Inoc1-T4-P23;9.0;0.0;;1.0;7.0;7.0;a;4;Exp22DM08_inoc1_saisie_V2;Fichier total
Exp22DM08-Inoc1-T4-P23;9.0;0.0;;1.0;5.0;7.0;b;4;Exp22DM08_inoc1_saisie_V2;Fichier total
Exp22DM08-Inoc1-T4-P23;7.0;1.0;9.0;1.0;7.0;7.0;c;4;Exp22DM08_inoc1_saisie_V2;Fichier total
Exp22DM08-Inoc1-T4-P24;5.0;1.0;9.0;0.0;;;a;1;Exp22DM08_inoc1_saisie_V2;Fichier total
Exp22DM08-Inoc1-T4-P24;7.0;1.0;5.0;0.0;;;b;1;Exp22DM08_inoc1_saisie_V2;Fichier total
Exp22DM08-Inoc1-T4-P24;5.0;1.0;9.0;0.0;;;c;1;Exp22DM08_inoc1_saisie_V2;Fichier total
Exp22DM08-Inoc1-T4-P24;9.0;0.0;;1.0;7.0;7.0;a;2;Exp22DM08_inoc1_saisie_V2;Fichier total
Exp22DM08-Inoc1-T4-P24;9.0;0.0;;1.0;7.0;5.0;b;2;Exp22DM08_inoc1_saisie_V2;Fichier total
Exp22DM08-Inoc1-T4-P24;7.0;1.0;9.0;1.0;9.0;9.0;c;2;Exp22DM08_inoc1_saisie_V2;Fichier total
Exp22DM08-Inoc1-T4-P24;9.0;0.0;;1.0;5.0;5.0;a;3;Exp22DM08_inoc1_saisie_V2;Fichier total
Exp22DM08-Inoc1-T4-P24;9.0;0.0;;1.0;5.0;5.0;b;3;Exp22DM08_inoc1_saisie_V2;Fichier total
Exp22DM08-Inoc1-T4-P24;9.0;0.0;;1.0;3.0;5.0;c;3;Exp22DM08_inoc1_saisie_V2;Fichier total
Exp22DM08-Inoc1-T4-P24;9.0;0.0;;1.0;5.0;7.0;a;4;Exp22DM08_inoc1_saisie_V2;Fichier total
Exp22DM08-Inoc1-T4-P24;7.0;1.0;9.0;1.0;7.0;9.0;b;4;Exp22DM08_inoc1_saisie_V2;Fichier total
Exp22DM08-Inoc1-T4-P24;7.0;1.0;9.0;1.0;7.0;9.0;c;4;Exp22DM08_inoc1_saisie_V2;Fichier total
Exp22DM08-Inoc1-T4-P25;5.0;1.0;9.0;1.0;5.0;7.0;a;1;Exp22DM08_inoc1_saisie_V2;Fichier total
Exp22DM08-Inoc1-T4-P25;5.0;1.0;9.0;1.0;5.0;7.0;b;1;Exp22DM08_inoc1_saisie_V2;Fichier total
Exp22DM08-Inoc1-T4-P25;7.0;1.0;9.0;1.0;5.0;7.0;c;1;Exp22DM08_inoc1_saisie_V2;Fichier total
Exp22DM08-Inoc1-T4-P25;5.0;1.0;9.0;1.0;7.0;9.0;a;2;Exp22DM08_inoc1_saisie_V2;Fichier total
Exp22DM08-Inoc1-T4-P25;5.0;1.0;9.0;1.0;7.0;9.0;b;2;Exp22DM08_inoc1_saisie_V2;Fichier total
Exp22DM08-Inoc1-T4-P25;5.0;1.0;9.0;1.0;7.0;9.0;c;2;Exp22DM08_inoc1_saisie_V2;Fichier total
Exp22DM08-Inoc1-T4-P25;9.0;0.0;;1.0;7.0;7.0;a;3;Exp22DM08_inoc1_saisie_V2;Fichier total
Exp22DM08-Inoc1-T4-P25;9.0;0.0;;1.0;7.0;7.0;b;3;Exp22DM08_inoc1_saisie_V2;Fichier total
Exp22DM08-Inoc1-T4-P25;9.0;0.0;;1.0;7.0;7.0;c;3;Exp22DM08_inoc1_saisie_V2;Fichier total
Exp22DM08-Inoc1-T4-P25;5.0;1.0;9.0;1.0;7.0;7.0;a;4;Exp22DM08_inoc1_saisie_V2;Fichier total
Exp22DM08-Inoc1-T4-P25;7.0;1.0;7.0;1.0;7.0;7.0;b;4;Exp22DM08_inoc1_saisie_V2;Fichier total
Exp22DM08-Inoc1-T4-P25;5.0;1.0;7.0;1.0;7.0;9.0;c;4;Exp22DM08_inoc1_saisie_V2;Fichier total
Exp22DM08-Inoc1-T4-P26;9.0;0.0;;1.0;7.0;7.0;a;1;Exp22DM08_inoc1_saisie_V2;Fichier total
Exp22DM08-Inoc1-T4-P26;9.0;0.0;;1.0;7.0;7.0;b;1;Exp22DM08_inoc1_saisie_V2;Fichier total
Exp22DM08-Inoc1-T4-P26;9.0;0.0;;1.0;5.0;9.0;c;1;Exp22DM08_inoc1_saisie_V2;Fichier total
Exp22DM08-Inoc1-T4-P26;5.0;1.0;5.0;1.0;7.0;7.0;a;2;Exp22DM08_inoc1_saisie_V2;Fichier total
Exp22DM08-Inoc1-T4-P26;7.0;1.0;5.0;1.0;7.0;7.0;b;2;Exp22DM08_inoc1_saisie_V2;Fichier total
Exp22DM08-Inoc1-T4-P26;5.0;1.0;5.0;1.0;9.0;7.0;c;2;Exp22DM08_inoc1_saisie_V2;Fichier total
Exp22DM08-Inoc1-T4-P26;5.0;1.0;5.0;0.0;;;a;3;Exp22DM08_inoc1_saisie_V2;Fichier total
Exp22DM08-Inoc1-T4-P26;7.0;1.0;5.0;1.0;5.0;3.0;b;3;Exp22DM08_inoc1_saisie_V2;Fichier total
Exp22DM08-Inoc1-T4-P26;7.0;1.0;7.0;1.0;5.0;3.0;c;3;Exp22DM08_inoc1_saisie_V2;Fichier total
Exp22DM08-Inoc1-T4-P26;9.0;0.0;;1.0;7.0;5.0;a;4;Exp22DM08_inoc1_saisie_V2;Fichier total
Exp22DM08-Inoc1-T4-P26;7.0;1.0;9.0;1.0;9.0;7.0;b;4;Exp22DM08_inoc1_saisie_V2;Fichier total
Exp22DM08-Inoc1-T4-P26;9.0;0.0;;1.0;5.0;7.0;c;4;Exp22DM08_inoc1_saisie_V2;Fichier total
Exp22DM08-Inoc1-T4-P27;5.0;1.0;5.0;0.0;;;a;1;Exp22DM08_inoc1_saisie_V2;Fichier total
Exp22DM08-Inoc1-T4-P27;7.0;1.0;5.0;1.0;9.0;7.0;b;1;Exp22DM08_inoc1_saisie_V2;Fichier total
Exp22DM08-Inoc1-T4-P27;5.0;1.0;5.0;1.0;9.0;7.0;c;1;Exp22DM08_inoc1_saisie_V2;Fichier total
Exp22DM08-Inoc1-T4-P27;5.0;1.0;7.0;0.0;;;a;2;Exp22DM08_inoc1_saisie_V2;Fichier total
Exp22DM08-Inoc1-T4-P27;5.0;1.0;7.0;1.0;5.0;7.0;b;2;Exp22DM08_inoc1_saisie_V2;Fichier total
Exp22DM08-Inoc1-T4-P27;5.0;1.0;7.0;1.0;5.0;7.0;c;2;Exp22DM08_inoc1_saisie_V2;Fichier total
Exp22DM08-Inoc1-T4-P27;7.0;1.0;9.0;1.0;7.0;5.0;a;3;Exp22DM08_inoc1_saisie_V2;Fichier total
Exp22DM08-Inoc1-T4-P27;7.0;1.0;9.0;1.0;7.0;7.0;b;3;Exp22DM08_inoc1_saisie_V2;Fichier total
Exp22DM08-Inoc1-T4-P27;7.0;1.0;9.0;1.0;7.0;7.0;c;3;Exp22DM08_inoc1_saisie_V2;Fichier total
Exp22DM08-Inoc1-T4-P27;9.0;0.0;;1.0;5.0;3.0;a;4;Exp22DM08_inoc1_saisie_V2;Fichier total
Exp22DM08-Inoc1-T4-P27;9.0;0.0;;1.0;7.0;5.0;b;4;Exp22DM08_inoc1_saisie_V2;Fichier total
Exp22DM08-Inoc1-T4-P27;7.0;1.0;9.0;1.0;7.0;7.0;c;4;Exp22DM08_inoc1_saisie_V2;Fichier total
Exp22DM08-Inoc1-T4-P28;5.0;1.0;5.0;0.0;;;a;1;Exp22DM08_inoc1_saisie_V2;Fichier total
Exp22DM08-Inoc1-T4-P28;3.0;1.0;5.0;0.0;;;b;1;Exp22DM08_inoc1_saisie_V2;Fichier total
Exp22DM08-Inoc1-T4-P28;5.0;1.0;5.0;0.0;;;c;1;Exp22DM08_inoc1_saisie_V2;Fichier total
Exp22DM08-Inoc1-T4-P28;9.0;0.0;;0.0;;;a;2;Exp22DM08_inoc1_saisie_V2;Fichier total
Exp22DM08-Inoc1-T4-P28;9.0;0.0;;0.0;;;b;2;Exp22DM08_inoc1_saisie_V2;Fichier total
Exp22DM08-Inoc1-T4-P28;9.0;0.0;;0.0;;;c;2;Exp22DM08_inoc1_saisie_V2;Fichier total
Exp22DM08-Inoc1-T4-P28;3.0;1.0;3.0;0.0;;;a;3;Exp22DM08_inoc1_saisie_V2;Fichier total
Exp22DM08-Inoc1-T4-P28;3.0;1.0;3.0;0.0;;;b;3;Exp22DM08_inoc1_saisie_V2;Fichier total
Exp22DM08-Inoc1-T4-P28;3.0;1.0;3.0;0.0;;;c;3;Exp22DM08_inoc1_saisie_V2;Fichier total
Exp22DM08-Inoc1-T4-P28;3.0;1.0;1.0;0.0;;;a;4;Exp22DM08_inoc1_saisie_V2;Fichier total
Exp22DM08-Inoc1-T4-P28;3.0;1.0;1.0;0.0;;;b;4;Exp22DM08_inoc1_saisie_V2;Fichier total
Exp22DM08-Inoc1-T4-P28;7.0;1.0;3.0;0.0;;;c;4;Exp22DM08_inoc1_saisie_V2;Fichier total
Exp22DM08-Inoc1-T4-P29;9.0;0.0;;1.0;7.0;7.0;a;1;Exp22DM08_inoc1_saisie_V2;Fichier total
Exp22DM08-Inoc1-T4-P29;9.0;0.0;;1.0;9.0;9.0;b;1;Exp22DM08_inoc1_saisie_V2;Fichier total
Exp22DM08-Inoc1-T4-P29;9.0;0.0;;1.0;9.0;7.0;c;1;Exp22DM08_inoc1_saisie_V2;Fichier total
Exp22DM08-Inoc1-T4-P29;5.0;1.0;7.0;1.0;7.0;5.0;a;2;Exp22DM08_inoc1_saisie_V2;Fichier total
Exp22DM08-Inoc1-T4-P29;5.0;1.0;7.0;1.0;9.0;7.0;b;2;Exp22DM08_inoc1_saisie_V2;Fichier total
Exp22DM08-Inoc1-T4-P29;5.0;1.0;7.0;1.0;9.0;9.0;c;2;Exp22DM08_inoc1_saisie_V2;Fichier total
Exp22DM08-Inoc1-T4-P31;5.0;1.0;7.0;0.0;;;a;1;Exp22DM08_inoc1_saisie_V2;Fichier total
Exp22DM08-Inoc1-T4-P31;5.0;1.0;7.0;0.0;;;b;1;Exp22DM08_inoc1_saisie_V2;Fichier total
Exp22DM08-Inoc1-T4-P31;7.0;1.0;5.0;1.0;7.0;7.0;c;1;Exp22DM08_inoc1_saisie_V2;Fichier total
Exp22DM08-Inoc1-T4-P31;7.0;1.0;9.0;0.0;;;a;2;Exp22DM08_inoc1_saisie_V2;Fichier total
Exp22DM08-Inoc1-T4-P31;7.0;1.0;7.0;0.0;;;b;2;Exp22DM08_inoc1_saisie_V2;Fichier total
Exp22DM08-Inoc1-T4-P31;5.0;1.0;7.0;0.0;;;c;2;Exp22DM08_inoc1_saisie_V2;Fichier total
Exp22DM08-Inoc1-T4-P31;7.0;1.0;7.0;0.0;;;a;3;Exp22DM08_inoc1_saisie_V2;Fichier total
Exp22DM08-Inoc1-T4-P31;5.0;1.0;7.0;1.0;7.0;9.0;b;3;Exp22DM08_inoc1_saisie_V2;Fichier total
Exp22DM08-Inoc1-T4-P31;5.0;1.0;7.0;1.0;7.0;7.0;c;3;Exp22DM08_inoc1_saisie_V2;Fichier total
Exp22DM08-Inoc1-T4-P31;7.0;1.0;9.0;1.0;7.0;9.0;a;4;Exp22DM08_inoc1_saisie_V2;Fichier total
Exp22DM08-Inoc1-T4-P31;7.0;1.0;9.0;1.0;5.0;7.0;b;4;Exp22DM08_inoc1_saisie_V2;Fichier total
Exp22DM08-Inoc1-T4-P31;7.0;1.0;9.0;1.0;5.0;7.0;c;4;Exp22DM08_inoc1_saisie_V2;Fichier total
Exp22DM08-Inoc1-T4-P32;9.0;0.0;;1.0;3.0;9.0;a;1;Exp22DM08_inoc1_saisie_V2;Fichier total
Exp22DM08-Inoc1-T4-P32;9.0;0.0;;1.0;5.0;9.0;b;1;Exp22DM08_inoc1_saisie_V2;Fichier total
Exp22DM08-Inoc1-T4-P32;9.0;0.0;;1.0;5.0;9.0;c;1;Exp22DM08_inoc1_saisie_V2;Fichier total
Exp22DM08-Inoc1-T4-P32;7.0;1.0;9.0;0.0;;;a;2;Exp22DM08_inoc1_saisie_V2;Fichier total
Exp22DM08-Inoc1-T4-P32;9.0;0.0;;0.0;;;b;2;Exp22DM08_inoc1_saisie_V2;Fichier total
Exp22DM08-Inoc1-T4-P32;9.0;0.0;;0.0;;;c;2;Exp22DM08_inoc1_saisie_V2;Fichier total
Exp22DM08-Inoc1-T4-P32;3.0;1.0;5.0;0.0;;;a;3;Exp22DM08_inoc1_saisie_V2;Fichier total
Exp22DM08-Inoc1-T4-P32;5.0;1.0;5.0;0.0;;;b;3;Exp22DM08_inoc1_saisie_V2;Fichier total
Exp22DM08-Inoc1-T4-P32;5.0;1.0;3.0;0.0;;;c;3;Exp22DM08_inoc1_saisie_V2;Fichier total
Exp22DM08-Inoc1-T4-P32;9.0;0.0;;1.0;7.0;7.0;a;4;Exp22DM08_inoc1_saisie_V2;Fichier total
Exp22DM08-Inoc1-T4-P32;7.0;1.0;9.0;1.0;5.0;7.0;b;4;Exp22DM08_inoc1_saisie_V2;Fichier total
Exp22DM08-Inoc1-T4-P32;7.0;1.0;9.0;1.0;7.0;7.0;c;4;Exp22DM08_inoc1_saisie_V2;Fichier total
Exp22DM08-Inoc1-T4-P33;7.0;1.0;7.0;0.0;;;a;1;Exp22DM08_inoc1_saisie_V2;Fichier total
Exp22DM08-Inoc1-T4-P33;7.0;1.0;7.0;0.0;;;b;1;Exp22DM08_inoc1_saisie_V2;Fichier total
Exp22DM08-Inoc1-T4-P33;7.0;1.0;7.0;0.0;;;c;1;Exp22DM08_inoc1_saisie_V2;Fichier total
Exp22DM08-Inoc1-T4-P33;7.0;1.0;7.0;0.0;;;a;2;Exp22DM08_inoc1_saisie_V2;Fichier total
Exp22DM08-Inoc1-T4-P33;7.0;1.0;5.0;1.0;9.0;9.0;b;2;Exp22DM08_inoc1_saisie_V2;Fichier total
Exp22DM08-Inoc1-T4-P33;7.0;1.0;5.0;1.0;9.0;9.0;c;2;Exp22DM08_inoc1_saisie_V2;Fichier total
Exp22DM08-Inoc1-T4-P33;5.0;1.0;5.0;0.0;;;a;3;Exp22DM08_inoc1_saisie_V2;Fichier total
Exp22DM08-Inoc1-T4-P33;5.0;1.0;3.0;0.0;;;b;3;Exp22DM08_inoc1_saisie_V2;Fichier total
Exp22DM08-Inoc1-T4-P33;5.0;1.0;3.0;0.0;;;c;3;Exp22DM08_inoc1_saisie_V2;Fichier total
Exp22DM08-Inoc1-T4-P33;7.0;1.0;9.0;1.0;5.0;7.0;a;4;Exp22DM08_inoc1_saisie_V2;Fichier total
Exp22DM08-Inoc1-T4-P33;9.0;0.0;;1.0;7.0;5.0;b;4;Exp22DM08_inoc1_saisie_V2;Fichier total
Exp22DM08-Inoc1-T4-P33;9.0;0.0;;1.0;9.0;5.0;c;4;Exp22DM08_inoc1_saisie_V2;Fichier total
Exp22DM08-Inoc1-T4-P34;7.0;1.0;9.0;1.0;7.0;5.0;a;1;Exp22DM08_inoc1_saisie_V2;Fichier total
Exp22DM08-Inoc1-T4-P34;9.0;0.0;;1.0;5.0;7.0;b;1;Exp22DM08_inoc1_saisie_V2;Fichier total
Exp22DM08-Inoc1-T4-P34;9.0;0.0;;1.0;3.0;7.0;c;1;Exp22DM08_inoc1_saisie_V2;Fichier total
Exp22DM08-Inoc1-T4-P34;9.0;0.0;;1.0;5.0;9.0;a;2;Exp22DM08_inoc1_saisie_V2;Fichier total
Exp22DM08-Inoc1-T4-P34;9.0;0.0;;1.0;7.0;9.0;b;2;Exp22DM08_inoc1_saisie_V2;Fichier total
Exp22DM08-Inoc1-T4-P34;9.0;0.0;;1.0;5.0;9.0;c;2;Exp22DM08_inoc1_saisie_V2;Fichier total
Exp22DM08-Inoc1-T4-P34;7.0;1.0;3.0;0.0;;;a;3;Exp22DM08_inoc1_saisie_V2;Fichier total
Exp22DM08-Inoc1-T4-P34;7.0;1.0;5.0;0.0;;;b;3;Exp22DM08_inoc1_saisie_V2;Fichier total
Exp22DM08-Inoc1-T4-P34;5.0;1.0;5.0;0.0;;;c;3;Exp22DM08_inoc1_saisie_V2;Fichier total
Exp22DM08-Inoc1-T4-P34;7.0;1.0;5.0;0.0;;;a;4;Exp22DM08_inoc1_saisie_V2;Fichier total
Exp22DM08-Inoc1-T4-P34;5.0;1.0;5.0;0.0;;;b;4;Exp22DM08_inoc1_saisie_V2;Fichier total
Exp22DM08-Inoc1-T4-P34;5.0;1.0;5.0;0.0;;;c;4;Exp22DM08_inoc1_saisie_V2;Fichier total
Exp22DM08-Inoc1-T4-P35;5.0;1.0;7.0;0.0;;;a;1;Exp22DM08_inoc1_saisie_V2;Fichier total
Exp22DM08-Inoc1-T4-P35;5.0;1.0;5.0;0.0;;;b;1;Exp22DM08_inoc1_saisie_V2;Fichier total
Exp22DM08-Inoc1-T4-P35;5.0;1.0;5.0;0.0;;;c;1;Exp22DM08_inoc1_saisie_V2;Fichier total
Exp22DM08-Inoc1-T4-P35;7.0;1.0;9.0;1.0;5.0;5.0;a;2;Exp22DM08_inoc1_saisie_V2;Fichier total
Exp22DM08-Inoc1-T4-P35;7.0;1.0;9.0;1.0;5.0;5.0;b;2;Exp22DM08_inoc1_saisie_V2;Fichier total
Exp22DM08-Inoc1-T4-P35;7.0;1.0;9.0;1.0;5.0;5.0;c;2;Exp22DM08_inoc1_saisie_V2;Fichier total
Exp22DM08-Inoc1-T4-P35;5.0;1.0;5.0;1.0;7.0;5.0;a;3;Exp22DM08_inoc1_saisie_V2;Fichier total
Exp22DM08-Inoc1-T4-P35;5.0;1.0;5.0;1.0;9.0;7.0;b;3;Exp22DM08_inoc1_saisie_V2;Fichier total
Exp22DM08-Inoc1-T4-P35;1.0;1.0;5.0;1.0;5.0;5.0;c;3;Exp22DM08_inoc1_saisie_V2;Fichier total
Exp22DM08-Inoc1-T4-P35;7.0;1.0;9.0;0.0;;;a;4;Exp22DM08_inoc1_saisie_V2;Fichier total
Exp22DM08-Inoc1-T4-P35;9.0;0.0;;0.0;;;b;4;Exp22DM08_inoc1_saisie_V2;Fichier total
Exp22DM08-Inoc1-T4-P35;7.0;1.0;7.0;0.0;;;c;4;Exp22DM08_inoc1_saisie_V2;Fichier total
Exp22DM08-Inoc1-T4-P36;7.0;1.0;9.0;1.0;9.0;9.0;a;1;Exp22DM08_inoc1_saisie_V2;Fichier total
Exp22DM08-Inoc1-T4-P36;7.0;1.0;9.0;1.0;9.0;7.0;b;1;Exp22DM08_inoc1_saisie_V2;Fichier total
Exp22DM08-Inoc1-T4-P36;7.0;1.0;9.0;1.0;9.0;9.0;c;1;Exp22DM08_inoc1_saisie_V2;Fichier total
Exp22DM08-Inoc1-T4-P36;9.0;0.0;;1.0;9.0;9.0;a;2;Exp22DM08_inoc1_saisie_V2;Fichier total
Exp22DM08-Inoc1-T4-P36;9.0;0.0;;1.0;9.0;9.0;b;2;Exp22DM08_inoc1_saisie_V2;Fichier total
Exp22DM08-Inoc1-T4-P36;9.0;0.0;;1.0;7.0;7.0;c;2;Exp22DM08_inoc1_saisie_V2;Fichier total
Exp22DM08-Inoc1-T4-P36;9.0;0.0;;1.0;5.0;9.0;a;3;Exp22DM08_inoc1_saisie_V2;Fichier total
Exp22DM08-Inoc1-T4-P36;9.0;0.0;;1.0;3.0;9.0;b;3;Exp22DM08_inoc1_saisie_V2;Fichier total
Exp22DM08-Inoc1-T4-P36;9.0;0.0;;1.0;3.0;9.0;c;3;Exp22DM08_inoc1_saisie_V2;Fichier total
Exp22DM08-Inoc1-T4-P36;5.0;1.0;5.0;0.0;;;a;4;Exp22DM08_inoc1_saisie_V2;Fichier total
Exp22DM08-Inoc1-T4-P36;5.0;1.0;3.0;0.0;;;b;4;Exp22DM08_inoc1_saisie_V2;Fichier total
Exp22DM08-Inoc1-T4-P36;5.0;1.0;3.0;0.0;;;c;4;Exp22DM08_inoc1_saisie_V2;Fichier total
Exp22DM08-Inoc1-T4-P37;7.0;1.0;7.0;1.0;9.0;7.0;a;1;Exp22DM08_inoc1_saisie_V2;Fichier total
Exp22DM08-Inoc1-T4-P37;7.0;1.0;9.0;1.0;7.0;9.0;b;1;Exp22DM08_inoc1_saisie_V2;Fichier total
Exp22DM08-Inoc1-T4-P37;7.0;1.0;9.0;1.0;9.0;9.0;c;1;Exp22DM08_inoc1_saisie_V2;Fichier total
Exp22DM08-Inoc1-T4-P37;3.0;1.0;9.0;0.0;;;a;2;Exp22DM08_inoc1_saisie_V2;Fichier total
Exp22DM08-Inoc1-T4-P37;3.0;1.0;7.0;0.0;;;b;2;Exp22DM08_inoc1_saisie_V2;Fichier total
Exp22DM08-Inoc1-T4-P37;3.0;1.0;7.0;0.0;;;c;2;Exp22DM08_inoc1_saisie_V2;Fichier total
Exp22DM08-Inoc1-T4-P37;7.0;1.0;9.0;1.0;5.0;5.0;a;3;Exp22DM08_inoc1_saisie_V2;Fichier total
Exp22DM08-Inoc1-T4-P37;7.0;1.0;9.0;1.0;3.0;5.0;b;3;Exp22DM08_inoc1_saisie_V2;Fichier total
Exp22DM08-Inoc1-T4-P37;7.0;1.0;9.0;1.0;7.0;7.0;c;3;Exp22DM08_inoc1_saisie_V2;Fichier total
Exp22DM08-Inoc1-T4-P37;7.0;1.0;7.0;0.0;;;a;4;Exp22DM08_inoc1_saisie_V2;Fichier total
Exp22DM08-Inoc1-T4-P37;7.0;1.0;5.0;0.0;;;b;4;Exp22DM08_inoc1_saisie_V2;Fichier total
Exp22DM08-Inoc1-T4-P37;5.0;1.0;7.0;0.0;;;c;4;Exp22DM08_inoc1_saisie_V2;Fichier total
Exp22DM08-Inoc1-T4-P38;5.0;1.0;3.0;0.0;;;a;1;Exp22DM08_inoc1_saisie_V2;Fichier total
Exp22DM08-Inoc1-T4-P38;1.0;1.0;5.0;0.0;;;b;1;Exp22DM08_inoc1_saisie_V2;Fichier total
Exp22DM08-Inoc1-T4-P38;3.0;1.0;3.0;0.0;;;c;1;Exp22DM08_inoc1_saisie_V2;Fichier total
Exp22DM08-Inoc1-T4-P38;7.0;1.0;1.0;0.0;;;a;2;Exp22DM08_inoc1_saisie_V2;Fichier total
Exp22DM08-Inoc1-T4-P38;7.0;1.0;3.0;0.0;;;b;2;Exp22DM08_inoc1_saisie_V2;Fichier total
Exp22DM08-Inoc1-T4-P38;7.0;1.0;3.0;0.0;;;c;2;Exp22DM08_inoc1_saisie_V2;Fichier total
Exp22DM08-Inoc1-T4-P38;3.0;1.0;3.0;0.0;;;a;3;Exp22DM08_inoc1_saisie_V2;Fichier total
Exp22DM08-Inoc1-T4-P38;5.0;1.0;1.0;0.0;;;b;3;Exp22DM08_inoc1_saisie_V2;Fichier total
Exp22DM08-Inoc1-T4-P38;5.0;1.0;1.0;0.0;;;c;3;Exp22DM08_inoc1_saisie_V2;Fichier total
Exp22DM08-Inoc1-T4-P38;9.0;0.0;;0.0;;;a;4;Exp22DM08_inoc1_saisie_V2;Fichier total
Exp22DM08-Inoc1-T4-P38;7.0;1.0;7.0;0.0;;;b;4;Exp22DM08_inoc1_saisie_V2;Fichier total
Exp22DM08-Inoc1-T4-P38;9.0;0.0;;0.0;;;c;4;Exp22DM08_inoc1_saisie_V2;Fichier total
Exp22DM08-Inoc1-T4-P39;5.0;1.0;9.0;1.0;5.0;9.0;a;1;Exp22DM08_inoc1_saisie_V2;Fichier total
Exp22DM08-Inoc1-T4-P39;5.0;1.0;9.0;1.0;5.0;9.0;b;1;Exp22DM08_inoc1_saisie_V2;Fichier total
Exp22DM08-Inoc1-T4-P39;5.0;1.0;9.0;1.0;5.0;9.0;c;1;Exp22DM08_inoc1_saisie_V2;Fichier total
Exp22DM08-Inoc1-T4-P39;1.0;1.0;3.0;0.0;;;a;2;Exp22DM08_inoc1_saisie_V2;Fichier total
Exp22DM08-Inoc1-T4-P39;1.0;1.0;3.0;0.0;;;b;2;Exp22DM08_inoc1_saisie_V2;Fichier total
Exp22DM08-Inoc1-T4-P39;1.0;1.0;5.0;0.0;;;c;2;Exp22DM08_inoc1_saisie_V2;Fichier total
Exp22DM08-Inoc1-T4-P39;9.0;0.0;;1.0;9.0;7.0;a;3;Exp22DM08_inoc1_saisie_V2;Fichier total
Exp22DM08-Inoc1-T4-P39;7.0;1.0;9.0;1.0;7.0;7.0;b;3;Exp22DM08_inoc1_saisie_V2;Fichier total
Exp22DM08-Inoc1-T4-P39;7.0;1.0;7.0;1.0;5.0;7.0;c;3;Exp22DM08_inoc1_saisie_V2;Fichier total
Exp22DM08-Inoc1-T4-P39;5.0;1.0;5.0;0.0;;;a;4;Exp22DM08_inoc1_saisie_V2;Fichier total
Exp22DM08-Inoc1-T4-P39;1.0;1.0;5.0;0.0;;;b;4;Exp22DM08_inoc1_saisie_V2;Fichier total
Exp22DM08-Inoc1-T4-P39;3.0;1.0;5.0;0.0;;;c;4;Exp22DM08_inoc1_saisie_V2;Fichier total
Exp22DM08-Inoc1-T4-P40;9.0;0.0;;1.0;5.0;5.0;a;1;Exp22DM08_inoc1_saisie_V2;Fichier total
Exp22DM08-Inoc1-T4-P40;7.0;1.0;9.0;1.0;5.0;5.0;b;1;Exp22DM08_inoc1_saisie_V2;Fichier total
Exp22DM08-Inoc1-T4-P40;7.0;1.0;7.0;1.0;7.0;5.0;c;1;Exp22DM08_inoc1_saisie_V2;Fichier total
Exp22DM08-Inoc1-T4-P40;9.0;0.0;;0.0;;;a;2;Exp22DM08_inoc1_saisie_V2;Fichier total
Exp22DM08-Inoc1-T4-P40;7.0;1.0;7.0;1.0;5.0;7.0;b;2;Exp22DM08_inoc1_saisie_V2;Fichier total
Exp22DM08-Inoc1-T4-P40;9.0;0.0;;0.0;;;c;2;Exp22DM08_inoc1_saisie_V2;Fichier total
Exp22DM08-Inoc1-T4-P40;5.0;1.0;5.0;0.0;;;a;3;Exp22DM08_inoc1_saisie_V2;Fichier total
Exp22DM08-Inoc1-T4-P40;5.0;1.0;3.0;0.0;;;b;3;Exp22DM08_inoc1_saisie_V2;Fichier total
Exp22DM08-Inoc1-T4-P40;3.0;1.0;3.0;0.0;;;c;3;Exp22DM08_inoc1_saisie_V2;Fichier total
Exp22DM08-Inoc1-T4-P40;7.0;1.0;3.0;0.0;;;a;4;Exp22DM08_inoc1_saisie_V2;Fichier total
Exp22DM08-Inoc1-T4-P40;5.0;1.0;3.0;0.0;;;b;4;Exp22DM08_inoc1_saisie_V2;Fichier total
Exp22DM08-Inoc1-T4-P40;5.0;1.0;3.0;0.0;;;c;4;Exp22DM08_inoc1_saisie_V2;Fichier total
Exp22DM08-Inoc1-T4-P41;5.0;1.0;7.0;0.0;;;a;1;Exp22DM08_inoc1_saisie_V2;Fichier total
Exp22DM08-Inoc1-T4-P41;3.0;1.0;7.0;0.0;;;b;1;Exp22DM08_inoc1_saisie_V2;Fichier total
Exp22DM08-Inoc1-T4-P41;5.0;1.0;7.0;0.0;;;c;1;Exp22DM08_inoc1_saisie_V2;Fichier total
Exp22DM08-Inoc1-T4-P41;5.0;1.0;7.0;0.0;;;a;2;Exp22DM08_inoc1_saisie_V2;Fichier total
Exp22DM08-Inoc1-T4-P41;5.0;1.0;7.0;1.0;7.0;9.0;b;2;Exp22DM08_inoc1_saisie_V2;Fichier total
Exp22DM08-Inoc1-T4-P41;5.0;1.0;5.0;1.0;5.0;5.0;c;2;Exp22DM08_inoc1_saisie_V2;Fichier total
Exp22DM08-Inoc1-T4-P41;7.0;1.0;7.0;0.0;;;a;3;Exp22DM08_inoc1_saisie_V2;Fichier total
Exp22DM08-Inoc1-T4-P41;7.0;1.0;9.0;0.0;;;b;3;Exp22DM08_inoc1_saisie_V2;Fichier total
Exp22DM08-Inoc1-T4-P41;7.0;1.0;9.0;0.0;;;c;3;Exp22DM08_inoc1_saisie_V2;Fichier total
Exp22DM08-Inoc1-T4-P41;3.0;1.0;9.0;1.0;7.0;7.0;a;4;Exp22DM08_inoc1_saisie_V2;Fichier total
Exp22DM08-Inoc1-T4-P41;3.0;1.0;9.0;0.0;;;b;4;Exp22DM08_inoc1_saisie_V2;Fichier total
Exp22DM08-Inoc1-T4-P41;5.0;1.0;9.0;1.0;9.0;7.0;c;4;Exp22DM08_inoc1_saisie_V2;Fichier total
Exp22DM08-Inoc1-T4-P42;7.0;1.0;9.0;1.0;5.0;5.0;a;1;Exp22DM08_inoc1_saisie_V2;Fichier total
Exp22DM08-Inoc1-T4-P42;7.0;1.0;9.0;1.0;5.0;5.0;b;1;Exp22DM08_inoc1_saisie_V2;Fichier total
Exp22DM08-Inoc1-T4-P42;7.0;1.0;9.0;1.0;5.0;5.0;c;1;Exp22DM08_inoc1_saisie_V2;Fichier total
Exp22DM08-Inoc1-T4-P42;1.0;1.0;5.0;0.0;;;a;2;Exp22DM08_inoc1_saisie_V2;Fichier total
Exp22DM08-Inoc1-T4-P42;3.0;1.0;5.0;0.0;;;b;2;Exp22DM08_inoc1_saisie_V2;Fichier total
Exp22DM08-Inoc1-T4-P42;1.0;1.0;5.0;0.0;;;c;2;Exp22DM08_inoc1_saisie_V2;Fichier total
Exp22DM08-Inoc1-T4-P42;3.0;1.0;5.0;0.0;;;a;3;Exp22DM08_inoc1_saisie_V2;Fichier total
Exp22DM08-Inoc1-T4-P42;3.0;1.0;5.0;0.0;;;b;3;Exp22DM08_inoc1_saisie_V2;Fichier total
Exp22DM08-Inoc1-T4-P42;3.0;1.0;5.0;0.0;;;c;3;Exp22DM08_inoc1_saisie_V2;Fichier total
Exp22DM08-Inoc1-T4-P42;7.0;1.0;9.0;1.0;7.0;7.0;a;4;Exp22DM08_inoc1_saisie_V2;Fichier total
Exp22DM08-Inoc1-T4-P42;5.0;1.0;9.0;1.0;7.0;7.0;b;4;Exp22DM08_inoc1_saisie_V2;Fichier total
Exp22DM08-Inoc1-T4-P42;5.0;1.0;9.0;1.0;7.0;7.0;c;4;Exp22DM08_inoc1_saisie_V2;Fichier total
Exp22DM08-Inoc1-T4-P43;9.0;0.0;;0.0;;;a;1;Exp22DM08_inoc1_saisie_V2;Fichier total
Exp22DM08-Inoc1-T4-P43;9.0;0.0;;1.0;7.0;7.0;b;1;Exp22DM08_inoc1_saisie_V2;Fichier total
Exp22DM08-Inoc1-T4-P43;5.0;1.0;9.0;1.0;5.0;7.0;c;1;Exp22DM08_inoc1_saisie_V2;Fichier total
Exp22DM08-Inoc1-T4-P43;5.0;1.0;9.0;1.0;5.0;7.0;a;2;Exp22DM08_inoc1_saisie_V2;Fichier total
Exp22DM08-Inoc1-T4-P43;7.0;1.0;7.0;1.0;7.0;5.0;b;2;Exp22DM08_inoc1_saisie_V2;Fichier total
Exp22DM08-Inoc1-T4-P43;7.0;1.0;7.0;1.0;7.0;5.0;c;2;Exp22DM08_inoc1_saisie_V2;Fichier total
Exp22DM08-Inoc1-T4-P43;9.0;0.0;;1.0;5.0;5.0;a;3;Exp22DM08_inoc1_saisie_V2;Fichier total
Exp22DM08-Inoc1-T4-P43;9.0;0.0;;1.0;9.0;9.0;b;3;Exp22DM08_inoc1_saisie_V2;Fichier total
Exp22DM08-Inoc1-T4-P43;7.0;1.0;9.0;0.0;;;c;3;Exp22DM08_inoc1_saisie_V2;Fichier total
Exp22DM08-Inoc1-T4-P43;3.0;1.0;9.0;0.0;;;a;4;Exp22DM08_inoc1_saisie_V2;Fichier total
Exp22DM08-Inoc1-T4-P43;7.0;1.0;9.0;0.0;;;b;4;Exp22DM08_inoc1_saisie_V2;Fichier total
Exp22DM08-Inoc1-T4-P43;5.0;1.0;9.0;0.0;;;c;4;Exp22DM08_inoc1_saisie_V2;Fichier total
Exp22DM08-Inoc1-T4-P44;7.0;1.0;9.0;0.0;;;a;1;Exp22DM08_inoc1_saisie_V2;Fichier total
Exp22DM08-Inoc1-T4-P44;3.0;1.0;5.0;0.0;;;b;1;Exp22DM08_inoc1_saisie_V2;Fichier total
Exp22DM08-Inoc1-T4-P44;5.0;1.0;5.0;0.0;;;c;1;Exp22DM08_inoc1_saisie_V2;Fichier total
Exp22DM08-Inoc1-T4-P44;1.0;1.0;5.0;0.0;;;a;2;Exp22DM08_inoc1_saisie_V2;Fichier total
Exp22DM08-Inoc1-T4-P44;3.0;1.0;5.0;1.0;9.0;5.0;b;2;Exp22DM08_inoc1_saisie_V2;Fichier total
Exp22DM08-Inoc1-T4-P44;1.0;1.0;5.0;0.0;;;c;2;Exp22DM08_inoc1_saisie_V2;Fichier total
Exp22DM08-Inoc1-T4-P44;7.0;1.0;7.0;0.0;;;a;3;Exp22DM08_inoc1_saisie_V2;Fichier total
Exp22DM08-Inoc1-T4-P44;7.0;1.0;7.0;0.0;;;b;3;Exp22DM08_inoc1_saisie_V2;Fichier total
Exp22DM08-Inoc1-T4-P44;7.0;1.0;5.0;0.0;;;c;3;Exp22DM08_inoc1_saisie_V2;Fichier total
Exp22DM08-Inoc1-T4-P44;5.0;1.0;7.0;0.0;;;a;4;Exp22DM08_inoc1_saisie_V2;Fichier total
Exp22DM08-Inoc1-T4-P44;5.0;1.0;5.0;0.0;;;b;4;Exp22DM08_inoc1_saisie_V2;Fichier total
Exp22DM08-Inoc1-T4-P44;5.0;1.0;5.0;0.0;;;c;4;Exp22DM08_inoc1_saisie_V2;Fichier total
Exp22DM08-Inoc1-T4-P45;5.0;1.0;5.0;0.0;;;a;1;Exp22DM08_inoc1_saisie_V2;Fichier total
Exp22DM08-Inoc1-T4-P45;5.0;1.0;5.0;0.0;;;b;1;Exp22DM08_inoc1_saisie_V2;Fichier total
Exp22DM08-Inoc1-T4-P45;5.0;1.0;5.0;0.0;;;c;1;Exp22DM08_inoc1_saisie_V2;Fichier total
Exp22DM08-Inoc1-T4-P45;7.0;1.0;7.0;0.0;;;a;2;Exp22DM08_inoc1_saisie_V2;Fichier total
Exp22DM08-Inoc1-T4-P45;7.0;1.0;9.0;0.0;;;b;2;Exp22DM08_inoc1_saisie_V2;Fichier total
Exp22DM08-Inoc1-T4-P45;7.0;1.0;9.0;1.0;9.0;9.0;c;2;Exp22DM08_inoc1_saisie_V2;Fichier total
Exp22DM08-Inoc1-T4-P45;5.0;1.0;5.0;0.0;;;a;3;Exp22DM08_inoc1_saisie_V2;Fichier total
Exp22DM08-Inoc1-T4-P45;7.0;1.0;3.0;0.0;;;b;3;Exp22DM08_inoc1_saisie_V2;Fichier total
Exp22DM08-Inoc1-T4-P45;5.0;1.0;5.0;1.0;9.0;7.0;c;3;Exp22DM08_inoc1_saisie_V2;Fichier total
Exp22DM08-Inoc1-T4-P45;5.0;1.0;7.0;0.0;;;a;4;Exp22DM08_inoc1_saisie_V2;Fichier total
Exp22DM08-Inoc1-T4-P45;5.0;1.0;7.0;0.0;;;b;4;Exp22DM08_inoc1_saisie_V2;Fichier total
Exp22DM08-Inoc1-T4-P45;5.0;1.0;7.0;0.0;;;c;4;Exp22DM08_inoc1_saisie_V2;Fichier total
Exp22DM08-Inoc1-T4-P46;7.0;1.0;5.0;1.0;7.0;5.0;a;1;Exp22DM08_inoc1_saisie_V2;Fichier total
Exp22DM08-Inoc1-T4-P46;5.0;1.0;7.0;1.0;5.0;9.0;b;1;Exp22DM08_inoc1_saisie_V2;Fichier total
Exp22DM08-Inoc1-T4-P46;5.0;1.0;9.0;1.0;5.0;9.0;c;1;Exp22DM08_inoc1_saisie_V2;Fichier total
Exp22DM08-Inoc1-T4-P46;7.0;1.0;7.0;1.0;7.0;7.0;a;2;Exp22DM08_inoc1_saisie_V2;Fichier total
Exp22DM08-Inoc1-T4-P46;7.0;1.0;9.0;1.0;7.0;9.0;b;2;Exp22DM08_inoc1_saisie_V2;Fichier total
Exp22DM08-Inoc1-T4-P46;5.0;1.0;9.0;1.0;5.0;5.0;c;2;Exp22DM08_inoc1_saisie_V2;Fichier total
Exp22DM08-Inoc1-T4-P46;9.0;0.0;;0.0;;;a;3;Exp22DM08_inoc1_saisie_V2;Fichier total
Exp22DM08-Inoc1-T4-P46;7.0;1.0;9.0;0.0;;;b;3;Exp22DM08_inoc1_saisie_V2;Fichier total
Exp22DM08-Inoc1-T4-P46;7.0;1.0;5.0;1.0;9.0;7.0;c;3;Exp22DM08_inoc1_saisie_V2;Fichier total
Exp22DM08-Inoc1-T4-P46;9.0;0.0;;1.0;9.0;5.0;a;4;Exp22DM08_inoc1_saisie_V2;Fichier total
Exp22DM08-Inoc1-T4-P46;7.0;1.0;9.0;0.0;;;b;4;Exp22DM08_inoc1_saisie_V2;Fichier total
Exp22DM08-Inoc1-T4-P46;7.0;1.0;9.0;1.0;9.0;9.0;c;4;Exp22DM08_inoc1_saisie_V2;Fichier total
Exp22DM08-Inoc1-T4-P47;3.0;1.0;3.0;0.0;;;a;1;Exp22DM08_inoc1_saisie_V2;Fichier total
Exp22DM08-Inoc1-T4-P47;3.0;1.0;3.0;0.0;;;b;1;Exp22DM08_inoc1_saisie_V2;Fichier total
Exp22DM08-Inoc1-T4-P47;3.0;1.0;3.0;0.0;;;c;1;Exp22DM08_inoc1_saisie_V2;Fichier total
Exp22DM08-Inoc1-T4-P47;7.0;1.0;9.0;0.0;;;a;2;Exp22DM08_inoc1_saisie_V2;Fichier total
Exp22DM08-Inoc1-T4-P47;7.0;1.0;9.0;0.0;;;b;2;Exp22DM08_inoc1_saisie_V2;Fichier total
Exp22DM08-Inoc1-T4-P47;5.0;1.0;9.0;0.0;;;c;2;Exp22DM08_inoc1_saisie_V2;Fichier total
Exp22DM08-Inoc1-T4-P47;1.0;1.0;5.0;0.0;;;a;3;Exp22DM08_inoc1_saisie_V2;Fichier total
Exp22DM08-Inoc1-T4-P47;3.0;1.0;5.0;0.0;;;b;3;Exp22DM08_inoc1_saisie_V2;Fichier total
Exp22DM08-Inoc1-T4-P47;1.0;1.0;5.0;0.0;;;c;3;Exp22DM08_inoc1_saisie_V2;Fichier total
Exp22DM08-Inoc1-T4-P47;9.0;0.0;;0.0;;;a;4;Exp22DM08_inoc1_saisie_V2;Fichier total
Exp22DM08-Inoc1-T4-P47;9.0;0.0;;1.0;7.0;7.0;b;4;Exp22DM08_inoc1_saisie_V2;Fichier total
Exp22DM08-Inoc1-T4-P47;9.0;0.0;;0.0;;;c;4;Exp22DM08_inoc1_saisie_V2;Fichier total
Exp22DM08-Inoc1-T4-P48;7.0;1.0;9.0;1.0;7.0;9.0;a;1;Exp22DM08_inoc1_saisie_V2;Fichier total
Exp22DM08-Inoc1-T4-P48;7.0;1.0;9.0;1.0;5.0;7.0;b;1;Exp22DM08_inoc1_saisie_V2;Fichier total
Exp22DM08-Inoc1-T4-P48;7.0;1.0;9.0;1.0;5.0;7.0;c;1;Exp22DM08_inoc1_saisie_V2;Fichier total
Exp22DM08-Inoc1-T4-P48;5.0;1.0;7.0;0.0;;;a;2;Exp22DM08_inoc1_saisie_V2;Fichier total
Exp22DM08-Inoc1-T4-P48;5.0;1.0;5.0;0.0;;;b;2;Exp22DM08_inoc1_saisie_V2;Fichier total
Exp22DM08-Inoc1-T4-P48;5.0;1.0;7.0;1.0;7.0;9.0;c;2;Exp22DM08_inoc1_saisie_V2;Fichier total
Exp22DM08-Inoc1-T4-P48;7.0;1.0;9.0;1.0;7.0;5.0;a;3;Exp22DM08_inoc1_saisie_V2;Fichier total
Exp22DM08-Inoc1-T4-P48;7.0;1.0;9.0;1.0;5.0;5.0;b;3;Exp22DM08_inoc1_saisie_V2;Fichier total
Exp22DM08-Inoc1-T4-P48;7.0;1.0;9.0;1.0;7.0;7.0;c;3;Exp22DM08_inoc1_saisie_V2;Fichier total
Exp22DM08-Inoc1-T4-P48;9.0;0.0;;0.0;;;a;4;Exp22DM08_inoc1_saisie_V2;Fichier total
Exp22DM08-Inoc1-T4-P48;9.0;0.0;;0.0;;;b;4;Exp22DM08_inoc1_saisie_V2;Fichier total
Exp22DM08-Inoc1-T4-P48;9.0;0.0;;0.0;;;c;4;Exp22DM08_inoc1_saisie_V2;Fichier total
Exp22DM08-Inoc1-T4-P49;7.0;1.0;9.0;1.0;7.0;9.0;a;1;Exp22DM08_inoc1_saisie_V2;Fichier total
Exp22DM08-Inoc1-T4-P49;7.0;1.0;9.0;1.0;5.0;7.0;b;1;Exp22DM08_inoc1_saisie_V2;Fichier total
Exp22DM08-Inoc1-T4-P49;7.0;1.0;9.0;1.0;5.0;7.0;c;1;Exp22DM08_inoc1_saisie_V2;Fichier total
Exp22DM08-Inoc1-T4-P49;9.0;0.0;;1.0;5.0;5.0;a;2;Exp22DM08_inoc1_saisie_V2;Fichier total
Exp22DM08-Inoc1-T4-P49;9.0;0.0;;1.0;7.0;5.0;b;2;Exp22DM08_inoc1_saisie_V2;Fichier total
Exp22DM08-Inoc1-T4-P49;9.0;0.0;;1.0;7.0;5.0;c;2;Exp22DM08_inoc1_saisie_V2;Fichier total
Exp22DM08-Inoc1-T4-P49;5.0;1.0;9.0;1.0;9.0;9.0;a;3;Exp22DM08_inoc1_saisie_V2;Fichier total
Exp22DM08-Inoc1-T4-P49;3.0;1.0;9.0;1.0;5.0;9.0;b;3;Exp22DM08_inoc1_saisie_V2;Fichier total
Exp22DM08-Inoc1-T4-P49;5.0;1.0;7.0;1.0;5.0;9.0;c;3;Exp22DM08_inoc1_saisie_V2;Fichier total
Exp22DM08-Inoc1-T4-P49;9.0;0.0;;1.0;5.0;7.0;a;4;Exp22DM08_inoc1_saisie_V2;Fichier total
Exp22DM08-Inoc1-T4-P49;9.0;0.0;;1.0;5.0;5.0;b;4;Exp22DM08_inoc1_saisie_V2;Fichier total
Exp22DM08-Inoc1-T4-P49;7.0;1.0;7.0;1.0;5.0;5.0;c;4;Exp22DM08_inoc1_saisie_V2;Fichier total
Exp22DM08-Inoc1-T4-P50;5.0;1.0;5.0;0.0;;;a;1;Exp22DM08_inoc1_saisie_V2;Fichier total
Exp22DM08-Inoc1-T4-P50;5.0;1.0;3.0;0.0;;;b;1;Exp22DM08_inoc1_saisie_V2;Fichier total
Exp22DM08-Inoc1-T4-P50;5.0;1.0;5.0;0.0;;;c;1;Exp22DM08_inoc1_saisie_V2;Fichier total
Exp22DM08-Inoc1-T4-P50;5.0;1.0;7.0;0.0;;;a;2;Exp22DM08_inoc1_saisie_V2;Fichier total
Exp22DM08-Inoc1-T4-P50;5.0;1.0;7.0;1.0;5.0;9.0;b;2;Exp22DM08_inoc1_saisie_V2;Fichier total
Exp22DM08-Inoc1-T4-P50;5.0;1.0;9.0;1.0;5.0;5.0;c;2;Exp22DM08_inoc1_saisie_V2;Fichier total
Exp22DM08-Inoc1-T4-P50;3.0;1.0;5.0;0.0;;;a;3;Exp22DM08_inoc1_saisie_V2;Fichier total
Exp22DM08-Inoc1-T4-P50;3.0;1.0;7.0;0.0;;;b;3;Exp22DM08_inoc1_saisie_V2;Fichier total
Exp22DM08-Inoc1-T4-P50;5.0;1.0;5.0;0.0;;;c;3;Exp22DM08_inoc1_saisie_V2;Fichier total
Exp22DM08-Inoc1-T4-P50;9.0;0.0;;0.0;;;a;4;Exp22DM08_inoc1_saisie_V2;Fichier total
Exp22DM08-Inoc1-T4-P50;9.0;0.0;;0.0;;;b;4;Exp22DM08_inoc1_saisie_V2;Fichier total
Exp22DM08-Inoc1-T4-P50;9.0;0.0;;0.0;;;c;4;Exp22DM08_inoc1_saisie_V2;Fichier total
Exp22DM08-Inoc1-T4-P51;7.0;1.0;7.0;1.0;5.0;7.0;a;1;Exp22DM08_inoc1_saisie_V2;Fichier total
Exp22DM08-Inoc1-T4-P51;7.0;1.0;7.0;1.0;5.0;7.0;b;1;Exp22DM08_inoc1_saisie_V2;Fichier total
Exp22DM08-Inoc1-T4-P51;5.0;1.0;7.0;1.0;5.0;7.0;c;1;Exp22DM08_inoc1_saisie_V2;Fichier total
Exp22DM08-Inoc1-T4-P51;3.0;1.0;5.0;1.0;5.0;7.0;a;2;Exp22DM08_inoc1_saisie_V2;Fichier total
Exp22DM08-Inoc1-T4-P51;3.0;1.0;5.0;1.0;5.0;7.0;b;2;Exp22DM08_inoc1_saisie_V2;Fichier total
Exp22DM08-Inoc1-T4-P51;3.0;1.0;5.0;1.0;7.0;7.0;c;2;Exp22DM08_inoc1_saisie_V2;Fichier total
Exp22DM08-Inoc1-T4-P51;7.0;1.0;9.0;1.0;5.0;5.0;a;3;Exp22DM08_inoc1_saisie_V2;Fichier total
Exp22DM08-Inoc1-T4-P51;7.0;1.0;9.0;1.0;5.0;5.0;b;3;Exp22DM08_inoc1_saisie_V2;Fichier total
Exp22DM08-Inoc1-T4-P51;7.0;1.0;9.0;1.0;5.0;5.0;c;3;Exp22DM08_inoc1_saisie_V2;Fichier total
Exp22DM08-Inoc1-T4-P51;7.0;1.0;7.0;0.0;;;a;4;Exp22DM08_inoc1_saisie_V2;Fichier total
Exp22DM08-Inoc1-T4-P51;3.0;1.0;7.0;0.0;;;b;4;Exp22DM08_inoc1_saisie_V2;Fichier total
Exp22DM08-Inoc1-T4-P51;7.0;1.0;7.0;0.0;;;c;4;Exp22DM08_inoc1_saisie_V2;Fichier total
Exp22DM08-Inoc1-T4-P52;3.0;1.0;5.0;0.0;;;a;1;Exp22DM08_inoc1_saisie_V2;Fichier total
Exp22DM08-Inoc1-T4-P52;3.0;1.0;5.0;0.0;;;b;1;Exp22DM08_inoc1_saisie_V2;Fichier total
Exp22DM08-Inoc1-T4-P52;3.0;1.0;5.0;0.0;;;c;1;Exp22DM08_inoc1_saisie_V2;Fichier total
Exp22DM08-Inoc1-T4-P52;9.0;0.0;;1.0;7.0;9.0;a;2;Exp22DM08_inoc1_saisie_V2;Fichier total
Exp22DM08-Inoc1-T4-P52;9.0;0.0;;1.0;5.0;7.0;b;2;Exp22DM08_inoc1_saisie_V2;Fichier total
Exp22DM08-Inoc1-T4-P52;9.0;0.0;;0.0;;;c;2;Exp22DM08_inoc1_saisie_V2;Fichier total
Exp22DM08-Inoc1-T4-P52;9.0;0.0;;1.0;7.0;9.0;a;3;Exp22DM08_inoc1_saisie_V2;Fichier total
Exp22DM08-Inoc1-T4-P52;9.0;0.0;;0.0;;;b;3;Exp22DM08_inoc1_saisie_V2;Fichier total
Exp22DM08-Inoc1-T4-P52;9.0;0.0;;0.0;;;c;3;Exp22DM08_inoc1_saisie_V2;Fichier total
Exp22DM08-Inoc1-T4-P52;9.0;0.0;;1.0;5.0;7.0;a;4;Exp22DM08_inoc1_saisie_V2;Fichier total
Exp22DM08-Inoc1-T4-P52;9.0;0.0;;1.0;7.0;7.0;b;4;Exp22DM08_inoc1_saisie_V2;Fichier total
Exp22DM08-Inoc1-T4-P52;9.0;0.0;;1.0;7.0;5.0;c;4;Exp22DM08_inoc1_saisie_V2;Fichier total
Exp22DM08-Inoc1-T4-P53;9.0;0.0;;0.0;;;a;1;Exp22DM08_inoc1_saisie_V2;Fichier total
Exp22DM08-Inoc1-T4-P53;9.0;0.0;;1.0;9.0;7.0;b;1;Exp22DM08_inoc1_saisie_V2;Fichier total
Exp22DM08-Inoc1-T4-P53;9.0;0.0;;1.0;7.0;7.0;c;1;Exp22DM08_inoc1_saisie_V2;Fichier total
Exp22DM08-Inoc1-T4-P53;9.0;0.0;;1.0;9.0;7.0;a;2;Exp22DM08_inoc1_saisie_V2;Fichier total
Exp22DM08-Inoc1-T4-P53;7.0;1.0;9.0;1.0;7.0;5.0;b;2;Exp22DM08_inoc1_saisie_V2;Fichier total
Exp22DM08-Inoc1-T4-P53;7.0;1.0;9.0;1.0;7.0;5.0;c;2;Exp22DM08_inoc1_saisie_V2;Fichier total
Exp22DM08-Inoc1-T4-P53;7.0;1.0;7.0;0.0;;;a;3;Exp22DM08_inoc1_saisie_V2;Fichier total
Exp22DM08-Inoc1-T4-P53;7.0;1.0;7.0;0.0;;;b;3;Exp22DM08_inoc1_saisie_V2;Fichier total
Exp22DM08-Inoc1-T4-P53;3.0;1.0;9.0;0.0;;;c;3;Exp22DM08_inoc1_saisie_V2;Fichier total
Exp22DM08-Inoc1-T4-P53;9.0;0.0;;0.0;;;a;4;Exp22DM08_inoc1_saisie_V2;Fichier total
Exp22DM08-Inoc1-T4-P53;7.0;1.0;9.0;1.0;7.0;7.0;b;4;Exp22DM08_inoc1_saisie_V2;Fichier total
Exp22DM08-Inoc1-T4-P53;9.0;0.0;;0.0;;;c;4;Exp22DM08_inoc1_saisie_V2;Fichier total
Exp22DM08-Inoc1-T4-P54;5.0;1.0;5.0;0.0;;;a;1;Exp22DM08_inoc1_saisie_V2;Fichier total
Exp22DM08-Inoc1-T4-P54;5.0;1.0;5.0;0.0;;;b;1;Exp22DM08_inoc1_saisie_V2;Fichier total
Exp22DM08-Inoc1-T4-P54;3.0;1.0;5.0;0.0;;;c;1;Exp22DM08_inoc1_saisie_V2;Fichier total
Exp22DM08-Inoc1-T4-P54;7.0;1.0;9.0;1.0;9.0;7.0;a;2;Exp22DM08_inoc1_saisie_V2;Fichier total
Exp22DM08-Inoc1-T4-P54;7.0;1.0;9.0;1.0;7.0;7.0;b;2;Exp22DM08_inoc1_saisie_V2;Fichier total
Exp22DM08-Inoc1-T4-P54;7.0;1.0;9.0;1.0;7.0;9.0;c;2;Exp22DM08_inoc1_saisie_V2;Fichier total
Exp22DM08-Inoc1-T4-P54;5.0;1.0;5.0;0.0;;;a;3;Exp22DM08_inoc1_saisie_V2;Fichier total
Exp22DM08-Inoc1-T4-P54;5.0;1.0;5.0;1.0;5.0;7.0;b;3;Exp22DM08_inoc1_saisie_V2;Fichier total
Exp22DM08-Inoc1-T4-P54;5.0;1.0;5.0;1.0;5.0;7.0;c;3;Exp22DM08_inoc1_saisie_V2;Fichier total
Exp22DM08-Inoc1-T4-P54;7.0;1.0;9.0;1.0;9.0;7.0;a;4;Exp22DM08_inoc1_saisie_V2;Fichier total
Exp22DM08-Inoc1-T4-P54;7.0;1.0;9.0;1.0;9.0;7.0;b;4;Exp22DM08_inoc1_saisie_V2;Fichier total
Exp22DM08-Inoc1-T4-P54;7.0;1.0;9.0;1.0;9.0;7.0;c;4;Exp22DM08_inoc1_saisie_V2;Fichier total
Exp22DM08-Inoc1-T4-P55;7.0;1.0;7.0;0.0;;;a;1;Exp22DM08_inoc1_saisie_V2;Fichier total
Exp22DM08-Inoc1-T4-P55;5.0;1.0;5.0;0.0;;;b;1;Exp22DM08_inoc1_saisie_V2;Fichier total
Exp22DM08-Inoc1-T4-P55;5.0;1.0;3.0;0.0;;;c;1;Exp22DM08_inoc1_saisie_V2;Fichier total
Exp22DM08-Inoc1-T4-P55;5.0;1.0;9.0;0.0;;;a;2;Exp22DM08_inoc1_saisie_V2;Fichier total
Exp22DM08-Inoc1-T4-P55;5.0;1.0;7.0;0.0;;;b;2;Exp22DM08_inoc1_saisie_V2;Fichier total
Exp22DM08-Inoc1-T4-P55;5.0;1.0;7.0;0.0;;;c;2;Exp22DM08_inoc1_saisie_V2;Fichier total
Exp22DM08-Inoc1-T4-P55;7.0;1.0;9.0;0.0;;;a;3;Exp22DM08_inoc1_saisie_V2;Fichier total
Exp22DM08-Inoc1-T4-P55;7.0;1.0;9.0;1.0;9.0;9.0;b;3;Exp22DM08_inoc1_saisie_V2;Fichier total
Exp22DM08-Inoc1-T4-P55;7.0;1.0;9.0;1.0;9.0;9.0;c;3;Exp22DM08_inoc1_saisie_V2;Fichier total
Exp22DM08-Inoc1-T4-P55;7.0;1.0;9.0;0.0;;;a;4;Exp22DM08_inoc1_saisie_V2;Fichier total
Exp22DM08-Inoc1-T4-P55;7.0;1.0;9.0;1.0;7.0;9.0;b;4;Exp22DM08_inoc1_saisie_V2;Fichier total
Exp22DM08-Inoc1-T4-P55;7.0;1.0;9.0;1.0;9.0;9.0;c;4;Exp22DM08_inoc1_saisie_V2;Fichier total
Exp22DM08-Inoc1-T4-P56;9.0;0.0;;0.0;;;a;1;Exp22DM08_inoc1_saisie_V2;Fichier total
Exp22DM08-Inoc1-T4-P56;7.0;1.0;9.0;0.0;;;b;1;Exp22DM08_inoc1_saisie_V2;Fichier total
Exp22DM08-Inoc1-T4-P56;5.0;1.0;9.0;0.0;;;c;1;Exp22DM08_inoc1_saisie_V2;Fichier total
Exp22DM08-Inoc1-T4-P56;5.0;1.0;9.0;1.0;7.0;7.0;a;2;Exp22DM08_inoc1_saisie_V2;Fichier total
Exp22DM08-Inoc1-T4-P56;5.0;1.0;5.0;0.0;;;b;2;Exp22DM08_inoc1_saisie_V2;Fichier total
Exp22DM08-Inoc1-T4-P56;5.0;1.0;7.0;0.0;;;c;2;Exp22DM08_inoc1_saisie_V2;Fichier total
Exp22DM08-Inoc1-T4-P56;7.0;1.0;9.0;0.0;;;a;3;Exp22DM08_inoc1_saisie_V2;Fichier total
Exp22DM08-Inoc1-T4-P56;9.0;0.0;;1.0;7.0;5.0;b;3;Exp22DM08_inoc1_saisie_V2;Fichier total
Exp22DM08-Inoc1-T4-P56;9.0;0.0;;0.0;;;c;3;Exp22DM08_inoc1_saisie_V2;Fichier total
Exp22DM08-Inoc1-T4-P56;7.0;1.0;9.0;1.0;7.0;7.0;a;4;Exp22DM08_inoc1_saisie_V2;Fichier total
Exp22DM08-Inoc1-T4-P56;7.0;1.0;9.0;1.0;5.0;7.0;b;4;Exp22DM08_inoc1_saisie_V2;Fichier total
Exp22DM08-Inoc1-T4-P56;7.0;1.0;9.0;1.0;7.0;7.0;c;4;Exp22DM08_inoc1_saisie_V2;Fichier total
Exp22DM08-Inoc1-T4-P57;5.0;1.0;7.0;0.0;;;a;1;Exp22DM08_inoc1_saisie_V2;Fichier total
Exp22DM08-Inoc1-T4-P57;5.0;1.0;7.0;0.0;;;b;1;Exp22DM08_inoc1_saisie_V2;Fichier total
Exp22DM08-Inoc1-T4-P57;5.0;1.0;7.0;0.0;;;c;1;Exp22DM08_inoc1_saisie_V2;Fichier total
Exp22DM08-Inoc1-T4-P57;3.0;1.0;5.0;0.0;;;a;2;Exp22DM08_inoc1_saisie_V2;Fichier total
Exp22DM08-Inoc1-T4-P57;5.0;1.0;5.0;1.0;5.0;7.0;b;2;Exp22DM08_inoc1_saisie_V2;Fichier total
Exp22DM08-Inoc1-T4-P57;3.0;1.0;5.0;0.0;;;c;2;Exp22DM08_inoc1_saisie_V2;Fichier total
Exp22DM08-Inoc1-T4-P57;7.0;1.0;5.0;0.0;;;a;3;Exp22DM08_inoc1_saisie_V2;Fichier total
Exp22DM08-Inoc1-T4-P57;7.0;1.0;5.0;0.0;;;b;3;Exp22DM08_inoc1_saisie_V2;Fichier total
Exp22DM08-Inoc1-T4-P57;7.0;1.0;3.0;0.0;;;c;3;Exp22DM08_inoc1_saisie_V2;Fichier total
Exp22DM08-Inoc1-T4-P57;7.0;1.0;9.0;1.0;5.0;5.0;a;4;Exp22DM08_inoc1_saisie_V2;Fichier total
Exp22DM08-Inoc1-T4-P57;7.0;1.0;9.0;1.0;5.0;7.0;b;4;Exp22DM08_inoc1_saisie_V2;Fichier total
Exp22DM08-Inoc1-T4-P57;7.0;1.0;9.0;1.0;7.0;9.0;c;4;Exp22DM08_inoc1_saisie_V2;Fichier total
Exp22DM08-Inoc1-T4-P58;5.0;1.0;5.0;0.0;;;a;1;Exp22DM08_inoc1_saisie_V2;Fichier total
Exp22DM08-Inoc1-T4-P58;5.0;1.0;5.0;0.0;;;b;1;Exp22DM08_inoc1_saisie_V2;Fichier total
Exp22DM08-Inoc1-T4-P58;5.0;1.0;5.0;0.0;;;c;1;Exp22DM08_inoc1_saisie_V2;Fichier total
Exp22DM08-Inoc1-T4-P58;9.0;0.0;;0.0;;;a;2;Exp22DM08_inoc1_saisie_V2;Fichier total
Exp22DM08-Inoc1-T4-P58;9.0;0.0;;1.0;9.0;7.0;b;2;Exp22DM08_inoc1_saisie_V2;Fichier total
Exp22DM08-Inoc1-T4-P58;9.0;0.0;;0.0;;;c;2;Exp22DM08_inoc1_saisie_V2;Fichier total
Exp22DM08-Inoc1-T4-P58;5.0;1.0;3.0;0.0;;;a;3;Exp22DM08_inoc1_saisie_V2;Fichier total
Exp22DM08-Inoc1-T4-P58;5.0;1.0;3.0;0.0;;;b;3;Exp22DM08_inoc1_saisie_V2;Fichier total
Exp22DM08-Inoc1-T4-P58;5.0;1.0;3.0;0.0;;;c;3;Exp22DM08_inoc1_saisie_V2;Fichier total
Exp22DM08-Inoc1-T4-P58;5.0;1.0;3.0;0.0;;;a;4;Exp22DM08_inoc1_saisie_V2;Fichier total
Exp22DM08-Inoc1-T4-P58;5.0;1.0;3.0;0.0;;;b;4;Exp22DM08_inoc1_saisie_V2;Fichier total
Exp22DM08-Inoc1-T4-P58;5.0;1.0;3.0;0.0;;;c;4;Exp22DM08_inoc1_saisie_V2;Fichier total
Exp22DM08-Inoc1-T4-P59;9.0;0.0;;1.0;7.0;9.0;a;1;Exp22DM08_inoc1_saisie_V2;Fichier total
Exp22DM08-Inoc1-T4-P59;9.0;0.0;;1.0;7.0;9.0;b;1;Exp22DM08_inoc1_saisie_V2;Fichier total
Exp22DM08-Inoc1-T4-P59;9.0;0.0;;1.0;9.0;9.0;c;1;Exp22DM08_inoc1_saisie_V2;Fichier total
Exp22DM08-Inoc1-T4-P59;3.0;1.0;5.0;0.0;;;a;2;Exp22DM08_inoc1_saisie_V2;Fichier total
Exp22DM08-Inoc1-T4-P59;3.0;1.0;5.0;0.0;;;b;2;Exp22DM08_inoc1_saisie_V2;Fichier total
Exp22DM08-Inoc1-T4-P59;5.0;1.0;5.0;0.0;;;c;2;Exp22DM08_inoc1_saisie_V2;Fichier total
Exp22DM08-Inoc1-T4-P60;3.0;1.0;5.0;1.0;9.0;9.0;a;1;Exp22DM08_inoc1_saisie_V2;Fichier total
Exp22DM08-Inoc1-T4-P60;1.0;1.0;3.0;0.0;;;b;1;Exp22DM08_inoc1_saisie_V2;Fichier total
Exp22DM08-Inoc1-T4-P60;5.0;1.0;3.0;1.0;9.0;9.0;c;1;Exp22DM08_inoc1_saisie_V2;Fichier total
Exp22DM08-Inoc1-T4-P60;5.0;1.0;5.0;0.0;;;a;2;Exp22DM08_inoc1_saisie_V2;Fichier total
Exp22DM08-Inoc1-T4-P60;5.0;1.0;5.0;0.0;;;b;2;Exp22DM08_inoc1_saisie_V2;Fichier total
Exp22DM08-Inoc1-T4-P60;5.0;1.0;5.0;0.0;;;c;2;Exp22DM08_inoc1_saisie_V2;Fichier total
Exp22DM08-Inoc1-T4-P60;7.0;1.0;5.0;1.0;7.0;7.0;a;3;Exp22DM08_inoc1_saisie_V2;Fichier total
Exp22DM08-Inoc1-T4-P60;5.0;1.0;7.0;1.0;9.0;7.0;b;3;Exp22DM08_inoc1_saisie_V2;Fichier total
Exp22DM08-Inoc1-T4-P60;5.0;1.0;7.0;1.0;7.0;7.0;c;3;Exp22DM08_inoc1_saisie_V2;Fichier total
Exp22DM08-Inoc1-T4-P60;9.0;0.0;;1.0;5.0;9.0;a;4;Exp22DM08_inoc1_saisie_V2;Fichier total
Exp22DM08-Inoc1-T4-P60;9.0;0.0;;1.0;5.0;9.0;b;4;Exp22DM08_inoc1_saisie_V2;Fichier total
Exp22DM08-Inoc1-T4-P60;9.0;0.0;;1.0;5.0;9.0;c;4;Exp22DM08_inoc1_saisie_V2;Fichier total
Exp22DM08-Inoc1-T4-P61;9.0;0.0;;1.0;5.0;9.0;a;1;Exp22DM08_inoc1_saisie_V2;Fichier total
Exp22DM08-Inoc1-T4-P61;9.0;0.0;;1.0;5.0;9.0;b;1;Exp22DM08_inoc1_saisie_V2;Fichier total
Exp22DM08-Inoc1-T4-P61;9.0;0.0;;1.0;7.0;9.0;c;1;Exp22DM08_inoc1_saisie_V2;Fichier total
Exp22DM08-Inoc1-T4-P61;9.0;0.0;;1.0;7.0;9.0;a;2;Exp22DM08_inoc1_saisie_V2;Fichier total
Exp22DM08-Inoc1-T4-P61;7.0;1.0;7.0;1.0;7.0;7.0;b;2;Exp22DM08_inoc1_saisie_V2;Fichier total
Exp22DM08-Inoc1-T4-P61;7.0;1.0;9.0;1.0;7.0;5.0;c;2;Exp22DM08_inoc1_saisie_V2;Fichier total
Exp22DM08-Inoc1-T4-P61;5.0;1.0;5.0;0.0;;;a;3;Exp22DM08_inoc1_saisie_V2;Fichier total
Exp22DM08-Inoc1-T4-P61;3.0;1.0;5.0;0.0;;;b;3;Exp22DM08_inoc1_saisie_V2;Fichier total
Exp22DM08-Inoc1-T4-P61;3.0;1.0;5.0;0.0;;;c;3;Exp22DM08_inoc1_saisie_V2;Fichier total
Exp22DM08-Inoc1-T4-P61;5.0;1.0;3.0;1.0;9.0;9.0;a;4;Exp22DM08_inoc1_saisie_V2;Fichier total
Exp22DM08-Inoc1-T4-P61;3.0;1.0;3.0;0.0;;;b;4;Exp22DM08_inoc1_saisie_V2;Fichier total
Exp22DM08-Inoc1-T4-P61;3.0;1.0;5.0;0.0;;;c;4;Exp22DM08_inoc1_saisie_V2;Fichier total
Exp22DM08-Inoc1-T4-P62;5.0;1.0;5.0;1.0;5.0;5.0;a;1;Exp22DM08_inoc1_saisie_V2;Fichier total
Exp22DM08-Inoc1-T4-P62;3.0;1.0;5.0;1.0;7.0;5.0;b;1;Exp22DM08_inoc1_saisie_V2;Fichier total
Exp22DM08-Inoc1-T4-P62;3.0;1.0;5.0;1.0;7.0;5.0;c;1;Exp22DM08_inoc1_saisie_V2;Fichier total
Exp22DM08-Inoc1-T4-P62;3.0;1.0;5.0;1.0;9.0;5.0;a;2;Exp22DM08_inoc1_saisie_V2;Fichier total
Exp22DM08-Inoc1-T4-P62;1.0;1.0;5.0;1.0;9.0;9.0;b;2;Exp22DM08_inoc1_saisie_V2;Fichier total
Exp22DM08-Inoc1-T4-P62;1.0;1.0;5.0;1.0;9.0;9.0;c;2;Exp22DM08_inoc1_saisie_V2;Fichier total
Exp22DM08-Inoc1-T4-P62;3.0;1.0;3.0;0.0;;;a;3;Exp22DM08_inoc1_saisie_V2;Fichier total
Exp22DM08-Inoc1-T4-P62;3.0;1.0;3.0;0.0;;;b;3;Exp22DM08_inoc1_saisie_V2;Fichier total
Exp22DM08-Inoc1-T4-P62;3.0;1.0;3.0;0.0;;;c;3;Exp22DM08_inoc1_saisie_V2;Fichier total
Exp22DM08-Inoc1-T4-P62;7.0;1.0;7.0;1.0;7.0;7.0;a;4;Exp22DM08_inoc1_saisie_V2;Fichier total
Exp22DM08-Inoc1-T4-P62;7.0;1.0;7.0;1.0;7.0;7.0;b;4;Exp22DM08_inoc1_saisie_V2;Fichier total
Exp22DM08-Inoc1-T4-P62;7.0;1.0;7.0;1.0;7.0;7.0;c;4;Exp22DM08_inoc1_saisie_V2;Fichier total
Exp22DM08-Inoc1-T4-P63;7.0;1.0;9.0;1.0;5.0;7.0;a;1;Exp22DM08_inoc1_saisie_V2;Fichier total
Exp22DM08-Inoc1-T4-P63;7.0;1.0;9.0;1.0;3.0;5.0;b;1;Exp22DM08_inoc1_saisie_V2;Fichier total
Exp22DM08-Inoc1-T4-P63;7.0;1.0;9.0;1.0;3.0;5.0;c;1;Exp22DM08_inoc1_saisie_V2;Fichier total
Exp22DM08-Inoc1-T4-P63;9.0;0.0;;1.0;5.0;9.0;a;2;Exp22DM08_inoc1_saisie_V2;Fichier total
Exp22DM08-Inoc1-T4-P63;9.0;0.0;;1.0;5.0;9.0;b;2;Exp22DM08_inoc1_saisie_V2;Fichier total
Exp22DM08-Inoc1-T4-P63;9.0;0.0;;1.0;5.0;9.0;c;2;Exp22DM08_inoc1_saisie_V2;Fichier total
Exp22DM08-Inoc1-T4-P63;3.0;1.0;5.0;0.0;;;a;3;Exp22DM08_inoc1_saisie_V2;Fichier total
Exp22DM08-Inoc1-T4-P63;3.0;1.0;5.0;0.0;;;b;3;Exp22DM08_inoc1_saisie_V2;Fichier total
Exp22DM08-Inoc1-T4-P63;3.0;1.0;5.0;0.0;;;c;3;Exp22DM08_inoc1_saisie_V2;Fichier total
Exp22DM08-Inoc1-T4-P63;3.0;1.0;5.0;0.0;;;a;4;Exp22DM08_inoc1_saisie_V2;Fichier total
Exp22DM08-Inoc1-T4-P63;3.0;1.0;5.0;0.0;;;b;4;Exp22DM08_inoc1_saisie_V2;Fichier total
Exp22DM08-Inoc1-T4-P63;3.0;1.0;5.0;0.0;;;c;4;Exp22DM08_inoc1_saisie_V2;Fichier total
Exp22DM08-Inoc1-T4-P64;5.0;1.0;5.0;1.0;9.0;5.0;a;1;Exp22DM08_inoc1_saisie_V2;Fichier total
Exp22DM08-Inoc1-T4-P64;3.0;1.0;5.0;0.0;;;b;1;Exp22DM08_inoc1_saisie_V2;Fichier total
Exp22DM08-Inoc1-T4-P64;3.0;1.0;5.0;0.0;;;c;1;Exp22DM08_inoc1_saisie_V2;Fichier total
Exp22DM08-Inoc1-T4-P64;3.0;1.0;7.0;0.0;;;a;2;Exp22DM08_inoc1_saisie_V2;Fichier total
Exp22DM08-Inoc1-T4-P64;3.0;1.0;7.0;0.0;;;b;2;Exp22DM08_inoc1_saisie_V2;Fichier total
Exp22DM08-Inoc1-T4-P64;3.0;1.0;7.0;1.0;9.0;5.0;c;2;Exp22DM08_inoc1_saisie_V2;Fichier total
Exp22DM08-Inoc1-T4-P64;3.0;1.0;5.0;1.0;9.0;9.0;a;3;Exp22DM08_inoc1_saisie_V2;Fichier total
Exp22DM08-Inoc1-T4-P64;1.0;1.0;5.0;0.0;;;b;3;Exp22DM08_inoc1_saisie_V2;Fichier total
Exp22DM08-Inoc1-T4-P64;1.0;1.0;5.0;0.0;;;c;3;Exp22DM08_inoc1_saisie_V2;Fichier total
Exp22DM08-Inoc1-T4-P64;5.0;1.0;5.0;0.0;;;a;4;Exp22DM08_inoc1_saisie_V2;Fichier total
Exp22DM08-Inoc1-T4-P64;5.0;1.0;5.0;0.0;;;b;4;Exp22DM08_inoc1_saisie_V2;Fichier total
Exp22DM08-Inoc1-T4-P64;5.0;1.0;5.0;0.0;;;c;4;Exp22DM08_inoc1_saisie_V2;Fichier total
Exp22DM08-Inoc1-T4-P65;9.0;0.0;;1.0;9.0;5.0;a;1;Exp22DM08_inoc1_saisie_V2;Fichier total
Exp22DM08-Inoc1-T4-P65;7.0;1.0;9.0;1.0;5.0;5.0;b;1;Exp22DM08_inoc1_saisie_V2;Fichier total
Exp22DM08-Inoc1-T4-P65;7.0;1.0;9.0;1.0;5.0;5.0;c;1;Exp22DM08_inoc1_saisie_V2;Fichier total
Exp22DM08-Inoc1-T4-P65;9.0;0.0;;1.0;5.0;7.0;a;2;Exp22DM08_inoc1_saisie_V2;Fichier total
Exp22DM08-Inoc1-T4-P65;9.0;0.0;;1.0;5.0;7.0;b;2;Exp22DM08_inoc1_saisie_V2;Fichier total
Exp22DM08-Inoc1-T4-P65;9.0;0.0;;1.0;5.0;7.0;c;2;Exp22DM08_inoc1_saisie_V2;Fichier total
Exp22DM08-Inoc1-T4-P65;9.0;0.0;;1.0;5.0;7.0;a;3;Exp22DM08_inoc1_saisie_V2;Fichier total
Exp22DM08-Inoc1-T4-P65;9.0;0.0;;1.0;5.0;9.0;b;3;Exp22DM08_inoc1_saisie_V2;Fichier total
Exp22DM08-Inoc1-T4-P65;9.0;0.0;;1.0;7.0;9.0;c;3;Exp22DM08_inoc1_saisie_V2;Fichier total
Exp22DM08-Inoc1-T4-P65;5.0;1.0;7.0;1.0;7.0;5.0;a;4;Exp22DM08_inoc1_saisie_V2;Fichier total
Exp22DM08-Inoc1-T4-P65;3.0;1.0;5.0;0.0;;;b;4;Exp22DM08_inoc1_saisie_V2;Fichier total
Exp22DM08-Inoc1-T4-P65;5.0;1.0;5.0;1.0;9.0;9.0;c;4;Exp22DM08_inoc1_saisie_V2;Fichier total
Exp22DM08-Inoc1-T4-P66;1.0;1.0;3.0;0.0;;;a;1;Exp22DM08_inoc1_saisie_V2;Fichier total
Exp22DM08-Inoc1-T4-P66;5.0;1.0;5.0;0.0;;;b;1;Exp22DM08_inoc1_saisie_V2;Fichier total
Exp22DM08-Inoc1-T4-P66;1.0;1.0;5.0;0.0;;;a;2;Exp22DM08_inoc1_saisie_V2;Fichier total
Exp22DM08-Inoc1-T4-P66;1.0;1.0;5.0;0.0;;;b;2;Exp22DM08_inoc1_saisie_V2;Fichier total
Exp22DM08-Inoc1-T4-P66;3.0;1.0;5.0;0.0;;;c;2;Exp22DM08_inoc1_saisie_V2;Fichier total
Exp22DM08-Inoc1-T4-P66;5.0;1.0;7.0;0.0;;;a;3;Exp22DM08_inoc1_saisie_V2;Fichier total
Exp22DM08-Inoc1-T4-P66;5.0;1.0;7.0;0.0;;;b;3;Exp22DM08_inoc1_saisie_V2;Fichier total
Exp22DM08-Inoc1-T4-P66;5.0;1.0;7.0;0.0;;;c;3;Exp22DM08_inoc1_saisie_V2;Fichier total
Exp22DM08-Inoc1-T4-P66;1.0;1.0;3.0;0.0;;;a;4;Exp22DM08_inoc1_saisie_V2;Fichier total
Exp22DM08-Inoc1-T4-P66;1.0;1.0;3.0;0.0;;;b;4;Exp22DM08_inoc1_saisie_V2;Fichier total
Exp22DM08-Inoc1-T4-P66;3.0;1.0;3.0;0.0;;;c;4;Exp22DM08_inoc1_saisie_V2;Fichier total
Exp22DM08-Inoc1-T4-P67;5.0;1.0;5.0;1.0;7.0;5.0;a;1;Exp22DM08_inoc1_saisie_V2;Fichier total
Exp22DM08-Inoc1-T4-P67;3.0;1.0;5.0;1.0;7.0;5.0;b;1;Exp22DM08_inoc1_saisie_V2;Fichier total
Exp22DM08-Inoc1-T4-P67;1.0;1.0;5.0;0.0;;;c;1;Exp22DM08_inoc1_saisie_V2;Fichier total
Exp22DM08-Inoc1-T4-P67;7.0;1.0;9.0;1.0;7.0;5.0;a;2;Exp22DM08_inoc1_saisie_V2;Fichier total
Exp22DM08-Inoc1-T4-P67;5.0;1.0;7.0;1.0;7.0;5.0;b;2;Exp22DM08_inoc1_saisie_V2;Fichier total
Exp22DM08-Inoc1-T4-P67;3.0;1.0;5.0;1.0;5.0;5.0;c;2;Exp22DM08_inoc1_saisie_V2;Fichier total
Exp22DM08-Inoc1-T4-P67;1.0;1.0;3.0;0.0;;;a;3;Exp22DM08_inoc1_saisie_V2;Fichier total
Exp22DM08-Inoc1-T4-P67;3.0;1.0;3.0;0.0;;;b;3;Exp22DM08_inoc1_saisie_V2;Fichier total
Exp22DM08-Inoc1-T4-P67;3.0;1.0;3.0;0.0;;;c;3;Exp22DM08_inoc1_saisie_V2;Fichier total
Exp22DM08-Inoc1-T4-P67;9.0;0.0;;1.0;9.0;7.0;a;4;Exp22DM08_inoc1_saisie_V2;Fichier total
Exp22DM08-Inoc1-T4-P67;7.0;1.0;7.0;1.0;7.0;7.0;b;4;Exp22DM08_inoc1_saisie_V2;Fichier total
Exp22DM08-Inoc1-T4-P67;9.0;0.0;;1.0;7.0;9.0;c;4;Exp22DM08_inoc1_saisie_V2;Fichier total
Exp22DM08-Inoc1-T4-P68;7.0;1.0;9.0;1.0;7.0;9.0;a;1;Exp22DM08_inoc1_saisie_V2;Fichier total
Exp22DM08-Inoc1-T4-P68;7.0;1.0;9.0;1.0;7.0;9.0;b;1;Exp22DM08_inoc1_saisie_V2;Fichier total
Exp22DM08-Inoc1-T4-P68;7.0;1.0;9.0;1.0;7.0;9.0;c;1;Exp22DM08_inoc1_saisie_V2;Fichier total
Exp22DM08-Inoc1-T4-P68;7.0;1.0;3.0;0.0;;;a;2;Exp22DM08_inoc1_saisie_V2;Fichier total
Exp22DM08-Inoc1-T4-P68;1.0;1.0;7.0;0.0;;;b;2;Exp22DM08_inoc1_saisie_V2;Fichier total
Exp22DM08-Inoc1-T4-P68;1.0;1.0;5.0;0.0;;;c;2;Exp22DM08_inoc1_saisie_V2;Fichier total
Exp22DM08-Inoc1-T4-P68;9.0;0.0;;1.0;5.0;9.0;a;3;Exp22DM08_inoc1_saisie_V2;Fichier total
Exp22DM08-Inoc1-T4-P68;9.0;0.0;;1.0;5.0;9.0;b;3;Exp22DM08_inoc1_saisie_V2;Fichier total
Exp22DM08-Inoc1-T4-P68;9.0;0.0;;1.0;3.0;9.0;c;3;Exp22DM08_inoc1_saisie_V2;Fichier total
Exp22DM08-Inoc1-T4-P68;5.0;1.0;5.0;1.0;9.0;5.0;a;4;Exp22DM08_inoc1_saisie_V2;Fichier total
Exp22DM08-Inoc1-T4-P68;5.0;1.0;5.0;1.0;9.0;5.0;b;4;Exp22DM08_inoc1_saisie_V2;Fichier total
Exp22DM08-Inoc1-T4-P68;7.0;1.0;5.0;0.0;;;c;4;Exp22DM08_inoc1_saisie_V2;Fichier total
Exp22DM08-Inoc1-T4-P69;7.0;1.0;7.0;1.0;3.0;5.0;a;1;Exp22DM08_inoc1_saisie_V2;Fichier total
Exp22DM08-Inoc1-T4-P69;7.0;1.0;7.0;1.0;3.0;5.0;b;1;Exp22DM08_inoc1_saisie_V2;Fichier total
Exp22DM08-Inoc1-T4-P69;7.0;1.0;7.0;1.0;3.0;5.0;c;1;Exp22DM08_inoc1_saisie_V2;Fichier total
Exp22DM08-Inoc1-T4-P69;3.0;1.0;5.0;0.0;;;a;2;Exp22DM08_inoc1_saisie_V2;Fichier total
Exp22DM08-Inoc1-T4-P69;3.0;1.0;5.0;0.0;;;b;2;Exp22DM08_inoc1_saisie_V2;Fichier total
Exp22DM08-Inoc1-T4-P69;7.0;1.0;5.0;0.0;;;c;2;Exp22DM08_inoc1_saisie_V2;Fichier total
Exp22DM08-Inoc1-T4-P69;3.0;1.0;3.0;0.0;;;a;3;Exp22DM08_inoc1_saisie_V2;Fichier total
Exp22DM08-Inoc1-T4-P69;1.0;1.0;3.0;0.0;;;b;3;Exp22DM08_inoc1_saisie_V2;Fichier total
Exp22DM08-Inoc1-T4-P69;1.0;1.0;3.0;0.0;;;c;3;Exp22DM08_inoc1_saisie_V2;Fichier total
Exp22DM08-Inoc1-T4-P69;7.0;1.0;7.0;0.0;;;a;4;Exp22DM08_inoc1_saisie_V2;Fichier total
Exp22DM08-Inoc1-T4-P69;1.0;1.0;5.0;0.0;;;b;4;Exp22DM08_inoc1_saisie_V2;Fichier total
Exp22DM08-Inoc1-T4-P69;3.0;1.0;5.0;0.0;;;c;4;Exp22DM08_inoc1_saisie_V2;Fichier total
Exp22DM08-Inoc1-T4-P70;1.0;1.0;3.0;0.0;;;a;1;Exp22DM08_inoc1_saisie_V2;Fichier total
Exp22DM08-Inoc1-T4-P70;1.0;1.0;3.0;0.0;;;b;1;Exp22DM08_inoc1_saisie_V2;Fichier total
Exp22DM08-Inoc1-T4-P70;5.0;1.0;3.0;0.0;;;c;1;Exp22DM08_inoc1_saisie_V2;Fichier total
Exp22DM08-Inoc1-T4-P70;5.0;1.0;5.0;0.0;;;a;2;Exp22DM08_inoc1_saisie_V2;Fichier total
Exp22DM08-Inoc1-T4-P70;5.0;1.0;5.0;0.0;;;b;2;Exp22DM08_inoc1_saisie_V2;Fichier total
Exp22DM08-Inoc1-T4-P70;5.0;1.0;5.0;0.0;;;c;2;Exp22DM08_inoc1_saisie_V2;Fichier total
Exp22DM08-Inoc1-T4-P70;3.0;1.0;5.0;0.0;;;a;3;Exp22DM08_inoc1_saisie_V2;Fichier total
Exp22DM08-Inoc1-T4-P70;1.0;1.0;3.0;0.0;;;b;3;Exp22DM08_inoc1_saisie_V2;Fichier total
Exp22DM08-Inoc1-T4-P70;3.0;1.0;5.0;0.0;;;c;3;Exp22DM08_inoc1_saisie_V2;Fichier total
Exp22DM08-Inoc1-T4-P70;9.0;0.0;;1.0;7.0;9.0;a;4;Exp22DM08_inoc1_saisie_V2;Fichier total
Exp22DM08-Inoc1-T4-P70;7.0;1.0;9.0;1.0;9.0;9.0;b;4;Exp22DM08_inoc1_saisie_V2;Fichier total
Exp22DM08-Inoc1-T4-P70;7.0;1.0;9.0;1.0;9.0;9.0;c;4;Exp22DM08_inoc1_saisie_V2;Fichier total
Exp22DM08-Inoc1-T4-P71;7.0;1.0;9.0;0.0;;;a;1;Exp22DM08_inoc1_saisie_V2;Fichier total
Exp22DM08-Inoc1-T4-P71;7.0;1.0;9.0;1.0;7.0;7.0;b;1;Exp22DM08_inoc1_saisie_V2;Fichier total
Exp22DM08-Inoc1-T4-P71;7.0;1.0;9.0;1.0;7.0;7.0;c;1;Exp22DM08_inoc1_saisie_V2;Fichier total
Exp22DM08-Inoc1-T4-P71;5.0;1.0;5.0;0.0;;;a;2;Exp22DM08_inoc1_saisie_V2;Fichier total
Exp22DM08-Inoc1-T4-P71;1.0;1.0;5.0;0.0;;;b;2;Exp22DM08_inoc1_saisie_V2;Fichier total
Exp22DM08-Inoc1-T4-P71;3.0;1.0;5.0;0.0;;;c;2;Exp22DM08_inoc1_saisie_V2;Fichier total
Exp22DM08-Inoc1-T4-P71;1.0;1.0;5.0;0.0;;;a;3;Exp22DM08_inoc1_saisie_V2;Fichier total
Exp22DM08-Inoc1-T4-P71;1.0;1.0;5.0;0.0;;;b;3;Exp22DM08_inoc1_saisie_V2;Fichier total
Exp22DM08-Inoc1-T4-P71;1.0;1.0;5.0;0.0;;;c;3;Exp22DM08_inoc1_saisie_V2;Fichier total
Exp22DM08-Inoc1-T4-P71;1.0;1.0;5.0;0.0;;;a;4;Exp22DM08_inoc1_saisie_V2;Fichier total
Exp22DM08-Inoc1-T4-P71;3.0;1.0;5.0;0.0;;;b;4;Exp22DM08_inoc1_saisie_V2;Fichier total
Exp22DM08-Inoc1-T4-P71;3.0;1.0;5.0;0.0;;;c;4;Exp22DM08_inoc1_saisie_V2;Fichier total
Exp22DM08-Inoc1-T4-P72;3.0;1.0;5.0;0.0;;;a;1;Exp22DM08_inoc1_saisie_V2;Fichier total
Exp22DM08-Inoc1-T4-P72;3.0;1.0;5.0;0.0;;;b;1;Exp22DM08_inoc1_saisie_V2;Fichier total
Exp22DM08-Inoc1-T4-P72;3.0;1.0;5.0;0.0;;;c;1;Exp22DM08_inoc1_saisie_V2;Fichier total
Exp22DM08-Inoc1-T4-P72;7.0;1.0;9.0;1.0;7.0;9.0;a;2;Exp22DM08_inoc1_saisie_V2;Fichier total
Exp22DM08-Inoc1-T4-P72;7.0;1.0;9.0;1.0;5.0;7.0;b;2;Exp22DM08_inoc1_saisie_V2;Fichier total
Exp22DM08-Inoc1-T4-P72;7.0;1.0;9.0;1.0;5.0;7.0;c;2;Exp22DM08_inoc1_saisie_V2;Fichier total
Exp22DM08-Inoc1-T4-P72;5.0;1.0;7.0;1.0;3.0;3.0;a;3;Exp22DM08_inoc1_saisie_V2;Fichier total
Exp22DM08-Inoc1-T4-P72;5.0;1.0;7.0;1.0;3.0;3.0;b;3;Exp22DM08_inoc1_saisie_V2;Fichier total
Exp22DM08-Inoc1-T4-P72;5.0;1.0;7.0;1.0;3.0;3.0;c;3;Exp22DM08_inoc1_saisie_V2;Fichier total
Exp22DM08-Inoc1-T4-P72;7.0;1.0;7.0;0.0;;;a;4;Exp22DM08_inoc1_saisie_V2;Fichier total
Exp22DM08-Inoc1-T4-P72;7.0;1.0;7.0;1.0;9.0;9.0;b;4;Exp22DM08_inoc1_saisie_V2;Fichier total
Exp22DM08-Inoc1-T4-P72;7.0;1.0;7.0;0.0;;;c;4;Exp22DM08_inoc1_saisie_V2;Fichier total
Exp22DM08-Inoc1-T4-P73;9.0;0.0;;0.0;;;a;1;Exp22DM08_inoc1_saisie_V2;Fichier total
Exp22DM08-Inoc1-T4-P73;5.0;1.0;5.0;0.0;;;b;1;Exp22DM08_inoc1_saisie_V2;Fichier total
Exp22DM08-Inoc1-T4-P73;7.0;1.0;5.0;0.0;;;c;1;Exp22DM08_inoc1_saisie_V2;Fichier total
Exp22DM08-Inoc1-T4-P73;1.0;1.0;5.0;0.0;;;a;2;Exp22DM08_inoc1_saisie_V2;Fichier total
Exp22DM08-Inoc1-T4-P73;1.0;1.0;5.0;0.0;;;b;2;Exp22DM08_inoc1_saisie_V2;Fichier total
Exp22DM08-Inoc1-T4-P73;1.0;1.0;5.0;0.0;;;c;2;Exp22DM08_inoc1_saisie_V2;Fichier total
Exp22DM08-Inoc1-T4-P73;1.0;1.0;5.0;0.0;;;a;3;Exp22DM08_inoc1_saisie_V2;Fichier total
Exp22DM08-Inoc1-T4-P73;3.0;1.0;5.0;0.0;;;b;3;Exp22DM08_inoc1_saisie_V2;Fichier total
Exp22DM08-Inoc1-T4-P73;3.0;1.0;5.0;0.0;;;c;3;Exp22DM08_inoc1_saisie_V2;Fichier total
Exp22DM08-Inoc1-T4-P73;3.0;1.0;7.0;0.0;;;a;4;Exp22DM08_inoc1_saisie_V2;Fichier total
Exp22DM08-Inoc1-T4-P73;5.0;1.0;7.0;1.0;7.0;5.0;b;4;Exp22DM08_inoc1_saisie_V2;Fichier total
Exp22DM08-Inoc1-T4-P73;5.0;1.0;7.0;1.0;9.0;9.0;c;4;Exp22DM08_inoc1_saisie_V2;Fichier total
Exp22DM08-Inoc1-T4-P74;3.0;1.0;5.0;0.0;;;a;1;Exp22DM08_inoc1_saisie_V2;Fichier total
Exp22DM08-Inoc1-T4-P74;5.0;1.0;5.0;0.0;;;b;1;Exp22DM08_inoc1_saisie_V2;Fichier total
Exp22DM08-Inoc1-T4-P74;3.0;1.0;5.0;0.0;;;c;1;Exp22DM08_inoc1_saisie_V2;Fichier total
Exp22DM08-Inoc1-T4-P74;7.0;1.0;7.0;0.0;;;a;2;Exp22DM08_inoc1_saisie_V2;Fichier total
Exp22DM08-Inoc1-T4-P74;5.0;1.0;7.0;0.0;;;b;2;Exp22DM08_inoc1_saisie_V2;Fichier total
Exp22DM08-Inoc1-T4-P74;5.0;1.0;7.0;0.0;;;c;2;Exp22DM08_inoc1_saisie_V2;Fichier total
Exp22DM08-Inoc1-T4-P74;5.0;1.0;5.0;0.0;;;a;3;Exp22DM08_inoc1_saisie_V2;Fichier total
Exp22DM08-Inoc1-T4-P74;3.0;1.0;3.0;0.0;;;b;3;Exp22DM08_inoc1_saisie_V2;Fichier total
Exp22DM08-Inoc1-T4-P74;3.0;1.0;3.0;0.0;;;c;3;Exp22DM08_inoc1_saisie_V2;Fichier total
Exp22DM08-Inoc1-T4-P74;5.0;1.0;7.0;0.0;;;a;4;Exp22DM08_inoc1_saisie_V2;Fichier total
Exp22DM08-Inoc1-T4-P74;5.0;1.0;7.0;0.0;;;b;4;Exp22DM08_inoc1_saisie_V2;Fichier total
Exp22DM08-Inoc1-T4-P74;5.0;1.0;5.0;0.0;;;c;4;Exp22DM08_inoc1_saisie_V2;Fichier total
Exp22DM08-Inoc1-T4-P75;9.0;0.0;;1.0;7.0;7.0;a;1;Exp22DM08_inoc1_saisie_V2;Fichier total
Exp22DM08-Inoc1-T4-P75;9.0;0.0;;1.0;7.0;7.0;b;1;Exp22DM08_inoc1_saisie_V2;Fichier total
Exp22DM08-Inoc1-T4-P75;7.0;1.0;7.0;1.0;7.0;7.0;c;1;Exp22DM08_inoc1_saisie_V2;Fichier total
Exp22DM08-Inoc1-T4-P75;7.0;1.0;7.0;0.0;;;a;2;Exp22DM08_inoc1_saisie_V2;Fichier total
Exp22DM08-Inoc1-T4-P75;7.0;1.0;7.0;0.0;;;b;2;Exp22DM08_inoc1_saisie_V2;Fichier total
Exp22DM08-Inoc1-T4-P75;7.0;1.0;7.0;0.0;;;c;2;Exp22DM08_inoc1_saisie_V2;Fichier total
Exp22DM08-Inoc1-T4-P75;1.0;1.0;3.0;0.0;;;a;3;Exp22DM08_inoc1_saisie_V2;Fichier total
Exp22DM08-Inoc1-T4-P75;1.0;1.0;3.0;0.0;;;b;3;Exp22DM08_inoc1_saisie_V2;Fichier total
Exp22DM08-Inoc1-T4-P75;3.0;1.0;3.0;0.0;;;c;3;Exp22DM08_inoc1_saisie_V2;Fichier total
Exp22DM08-Inoc1-T4-P75;7.0;1.0;7.0;1.0;5.0;9.0;a;4;Exp22DM08_inoc1_saisie_V2;Fichier total
Exp22DM08-Inoc1-T4-P75;7.0;1.0;9.0;1.0;7.0;5.0;b;4;Exp22DM08_inoc1_saisie_V2;Fichier total
Exp22DM08-Inoc1-T4-P75;7.0;1.0;9.0;1.0;9.0;7.0;c;4;Exp22DM08_inoc1_saisie_V2;Fichier total
Exp22DM08-Inoc1-T4-P76;5.0;1.0;3.0;0.0;;;a;1;Exp22DM08_inoc1_saisie_V2;Fichier total
Exp22DM08-Inoc1-T4-P76;3.0;1.0;3.0;0.0;;;b;1;Exp22DM08_inoc1_saisie_V2;Fichier total
Exp22DM08-Inoc1-T4-P76;1.0;1.0;5.0;0.0;;;c;1;Exp22DM08_inoc1_saisie_V2;Fichier total
Exp22DM08-Inoc1-T4-P76;7.0;1.0;9.0;0.0;;;a;2;Exp22DM08_inoc1_saisie_V2;Fichier total
Exp22DM08-Inoc1-T4-P76;7.0;1.0;7.0;0.0;;;b;2;Exp22DM08_inoc1_saisie_V2;Fichier total
Exp22DM08-Inoc1-T4-P76;7.0;1.0;7.0;0.0;;;c;2;Exp22DM08_inoc1_saisie_V2;Fichier total
Exp22DM08-Inoc1-T4-P76;1.0;1.0;3.0;0.0;;;a;3;Exp22DM08_inoc1_saisie_V2;Fichier total
Exp22DM08-Inoc1-T4-P76;1.0;1.0;5.0;0.0;;;b;3;Exp22DM08_inoc1_saisie_V2;Fichier total
Exp22DM08-Inoc1-T4-P76;3.0;1.0;5.0;0.0;;;c;3;Exp22DM08_inoc1_saisie_V2;Fichier total
Exp22DM08-Inoc1-T4-P76;1.0;1.0;5.0;0.0;;;a;4;Exp22DM08_inoc1_saisie_V2;Fichier total
Exp22DM08-Inoc1-T4-P76;1.0;1.0;5.0;0.0;;;b;4;Exp22DM08_inoc1_saisie_V2;Fichier total
Exp22DM08-Inoc1-T4-P76;3.0;1.0;5.0;0.0;;;c;4;Exp22DM08_inoc1_saisie_V2;Fichier total
Exp22DM08-Inoc1-T4-P77;7.0;1.0;9.0;1.0;7.0;7.0;a;1;Exp22DM08_inoc1_saisie_V2;Fichier total
Exp22DM08-Inoc1-T4-P77;7.0;1.0;7.0;1.0;7.0;7.0;b;1;Exp22DM08_inoc1_saisie_V2;Fichier total
Exp22DM08-Inoc1-T4-P77;7.0;1.0;7.0;1.0;7.0;7.0;c;1;Exp22DM08_inoc1_saisie_V2;Fichier total
Exp22DM08-Inoc1-T4-P77;5.0;1.0;7.0;0.0;;;a;2;Exp22DM08_inoc1_saisie_V2;Fichier total
Exp22DM08-Inoc1-T4-P77;5.0;1.0;7.0;0.0;;;b;2;Exp22DM08_inoc1_saisie_V2;Fichier total
Exp22DM08-Inoc1-T4-P77;5.0;1.0;7.0;0.0;;;c;2;Exp22DM08_inoc1_saisie_V2;Fichier total
Exp22DM08-Inoc1-T4-P77;5.0;1.0;7.0;0.0;;;a;3;Exp22DM08_inoc1_saisie_V2;Fichier total
Exp22DM08-Inoc1-T4-P77;5.0;1.0;7.0;0.0;;;b;3;Exp22DM08_inoc1_saisie_V2;Fichier total
Exp22DM08-Inoc1-T4-P77;5.0;1.0;7.0;1.0;9.0;5.0;c;3;Exp22DM08_inoc1_saisie_V2;Fichier total
Exp22DM08-Inoc1-T4-P77;3.0;1.0;3.0;0.0;;;a;4;Exp22DM08_inoc1_saisie_V2;Fichier total
Exp22DM08-Inoc1-T4-P77;3.0;1.0;3.0;0.0;;;b;4;Exp22DM08_inoc1_saisie_V2;Fichier total
Exp22DM08-Inoc1-T4-P77;3.0;1.0;3.0;0.0;;;c;4;Exp22DM08_inoc1_saisie_V2;Fichier total
Exp22DM08-Inoc1-T4-P78;7.0;1.0;9.0;1.0;5.0;7.0;a;1;Exp22DM08_inoc1_saisie_V2;Fichier total
Exp22DM08-Inoc1-T4-P78;7.0;1.0;9.0;1.0;5.0;7.0;b;1;Exp22DM08_inoc1_saisie_V2;Fichier total
Exp22DM08-Inoc1-T4-P78;7.0;1.0;7.0;1.0;3.0;5.0;c;1;Exp22DM08_inoc1_saisie_V2;Fichier total
Exp22DM08-Inoc1-T4-P78;7.0;1.0;9.0;1.0;5.0;5.0;a;2;Exp22DM08_inoc1_saisie_V2;Fichier total
Exp22DM08-Inoc1-T4-P78;7.0;1.0;9.0;1.0;9.0;7.0;b;2;Exp22DM08_inoc1_saisie_V2;Fichier total
Exp22DM08-Inoc1-T4-P78;7.0;1.0;9.0;1.0;5.0;5.0;c;2;Exp22DM08_inoc1_saisie_V2;Fichier total
Exp22DM08-Inoc1-T4-P78;7.0;1.0;9.0;1.0;5.0;7.0;a;3;Exp22DM08_inoc1_saisie_V2;Fichier total
Exp22DM08-Inoc1-T4-P78;7.0;1.0;9.0;1.0;7.0;9.0;b;3;Exp22DM08_inoc1_saisie_V2;Fichier total
Exp22DM08-Inoc1-T4-P78;7.0;1.0;9.0;1.0;5.0;7.0;c;3;Exp22DM08_inoc1_saisie_V2;Fichier total
Exp22DM08-Inoc1-T4-P78;7.0;1.0;9.0;1.0;7.0;9.0;a;4;Exp22DM08_inoc1_saisie_V2;Fichier total
Exp22DM08-Inoc1-T4-P78;7.0;1.0;9.0;0.0;;;b;4;Exp22DM08_inoc1_saisie_V2;Fichier total
Exp22DM08-Inoc1-T4-P78;7.0;1.0;9.0;0.0;;;c;4;Exp22DM08_inoc1_saisie_V2;Fichier total
Exp22DM08-Inoc1-T4-P79;7.0;1.0;3.0;0.0;;;a;1;Exp22DM08_inoc1_saisie_V2;Fichier total
Exp22DM08-Inoc1-T4-P79;3.0;1.0;5.0;0.0;;;b;1;Exp22DM08_inoc1_saisie_V2;Fichier total
Exp22DM08-Inoc1-T4-P79;1.0;1.0;3.0;0.0;;;c;1;Exp22DM08_inoc1_saisie_V2;Fichier total
Exp22DM08-Inoc1-T4-P79;3.0;1.0;5.0;1.0;7.0;7.0;a;2;Exp22DM08_inoc1_saisie_V2;Fichier total
Exp22DM08-Inoc1-T4-P79;3.0;1.0;5.0;1.0;7.0;7.0;b;2;Exp22DM08_inoc1_saisie_V2;Fichier total
Exp22DM08-Inoc1-T4-P79;5.0;1.0;3.0;1.0;5.0;7.0;c;2;Exp22DM08_inoc1_saisie_V2;Fichier total
Exp22DM08-Inoc1-T4-P79;1.0;1.0;3.0;0.0;;;a;3;Exp22DM08_inoc1_saisie_V2;Fichier total
Exp22DM08-Inoc1-T4-P79;1.0;1.0;5.0;0.0;;;b;3;Exp22DM08_inoc1_saisie_V2;Fichier total
Exp22DM08-Inoc1-T4-P79;1.0;1.0;3.0;0.0;;;c;3;Exp22DM08_inoc1_saisie_V2;Fichier total
Exp22DM08-Inoc1-T4-P79;5.0;1.0;5.0;1.0;7.0;7.0;a;4;Exp22DM08_inoc1_saisie_V2;Fichier total
Exp22DM08-Inoc1-T4-P79;5.0;1.0;5.0;0.0;;;b;4;Exp22DM08_inoc1_saisie_V2;Fichier total
Exp22DM08-Inoc1-T4-P79;5.0;1.0;5.0;0.0;;;c;4;Exp22DM08_inoc1_saisie_V2;Fichier total
Exp22DM08-Inoc1-T4-P80;7.0;1.0;3.0;0.0;;;a;1;Exp22DM08_inoc1_saisie_V2;Fichier total
Exp22DM08-Inoc1-T4-P80;5.0;1.0;3.0;0.0;;;b;1;Exp22DM08_inoc1_saisie_V2;Fichier total
Exp22DM08-Inoc1-T4-P80;5.0;1.0;3.0;0.0;;;c;1;Exp22DM08_inoc1_saisie_V2;Fichier total
Exp22DM08-Inoc1-T4-P80;5.0;1.0;7.0;0.0;;;a;2;Exp22DM08_inoc1_saisie_V2;Fichier total
Exp22DM08-Inoc1-T4-P80;5.0;1.0;7.0;0.0;;;b;2;Exp22DM08_inoc1_saisie_V2;Fichier total
Exp22DM08-Inoc1-T4-P80;5.0;1.0;7.0;1.0;7.0;7.0;c;2;Exp22DM08_inoc1_saisie_V2;Fichier total
Exp22DM08-Inoc1-T4-P80;5.0;1.0;7.0;1.0;7.0;7.0;a;3;Exp22DM08_inoc1_saisie_V2;Fichier total
Exp22DM08-Inoc1-T4-P80;5.0;1.0;7.0;1.0;7.0;7.0;b;3;Exp22DM08_inoc1_saisie_V2;Fichier total
Exp22DM08-Inoc1-T4-P80;5.0;1.0;7.0;1.0;7.0;7.0;c;3;Exp22DM08_inoc1_saisie_V2;Fichier total
Exp22DM08-Inoc1-T4-P80;3.0;1.0;3.0;0.0;;;a;4;Exp22DM08_inoc1_saisie_V2;Fichier total
Exp22DM08-Inoc1-T4-P80;3.0;1.0;3.0;0.0;;;b;4;Exp22DM08_inoc1_saisie_V2;Fichier total
Exp22DM08-Inoc1-T4-P80;1.0;1.0;3.0;0.0;;;c;4;Exp22DM08_inoc1_saisie_V2;Fichier total
Exp22DM08-Inoc1-T4-P81;3.0;1.0;3.0;0.0;;;a;1;Exp22DM08_inoc1_saisie_V2;Fichier total
Exp22DM08-Inoc1-T4-P81;3.0;1.0;5.0;0.0;;;b;1;Exp22DM08_inoc1_saisie_V2;Fichier total
Exp22DM08-Inoc1-T4-P81;3.0;1.0;3.0;0.0;;;c;1;Exp22DM08_inoc1_saisie_V2;Fichier total
Exp22DM08-Inoc1-T4-P81;5.0;1.0;7.0;0.0;;;a;2;Exp22DM08_inoc1_saisie_V2;Fichier total
Exp22DM08-Inoc1-T4-P81;5.0;1.0;7.0;0.0;;;b;2;Exp22DM08_inoc1_saisie_V2;Fichier total
Exp22DM08-Inoc1-T4-P81;5.0;1.0;7.0;0.0;;;c;2;Exp22DM08_inoc1_saisie_V2;Fichier total
Exp22DM08-Inoc1-T4-P81;7.0;1.0;9.0;1.0;5.0;5.0;a;3;Exp22DM08_inoc1_saisie_V2;Fichier total
Exp22DM08-Inoc1-T4-P81;7.0;1.0;7.0;0.0;;;b;3;Exp22DM08_inoc1_saisie_V2;Fichier total
Exp22DM08-Inoc1-T4-P81;7.0;1.0;7.0;0.0;;;c;3;Exp22DM08_inoc1_saisie_V2;Fichier total
Exp22DM08-Inoc1-T4-P81;9.0;0.0;;1.0;3.0;5.0;a;4;Exp22DM08_inoc1_saisie_V2;Fichier total
Exp22DM08-Inoc1-T4-P81;9.0;0.0;;1.0;3.0;7.0;b;4;Exp22DM08_inoc1_saisie_V2;Fichier total
Exp22DM08-Inoc1-T4-P81;9.0;0.0;;1.0;5.0;5.0;c;4;Exp22DM08_inoc1_saisie_V2;Fichier total
Exp22DM08-Inoc1-T4-P82;7.0;1.0;9.0;1.0;3.0;5.0;a;1;Exp22DM08_inoc1_saisie_V2;Fichier total
Exp22DM08-Inoc1-T4-P82;9.0;0.0;;1.0;3.0;5.0;b;1;Exp22DM08_inoc1_saisie_V2;Fichier total
Exp22DM08-Inoc1-T4-P82;9.0;0.0;;1.0;3.0;5.0;c;1;Exp22DM08_inoc1_saisie_V2;Fichier total
Exp22DM08-Inoc1-T4-P82;7.0;1.0;7.0;1.0;7.0;9.0;a;2;Exp22DM08_inoc1_saisie_V2;Fichier total
Exp22DM08-Inoc1-T4-P82;5.0;1.0;7.0;1.0;3.0;7.0;b;2;Exp22DM08_inoc1_saisie_V2;Fichier total
Exp22DM08-Inoc1-T4-P82;5.0;1.0;7.0;1.0;5.0;5.0;c;2;Exp22DM08_inoc1_saisie_V2;Fichier total
Exp22DM08-Inoc1-T4-P82;5.0;1.0;9.0;0.0;;;a;3;Exp22DM08_inoc1_saisie_V2;Fichier total
Exp22DM08-Inoc1-T4-P82;3.0;1.0;5.0;0.0;;;b;3;Exp22DM08_inoc1_saisie_V2;Fichier total
Exp22DM08-Inoc1-T4-P82;5.0;1.0;5.0;0.0;;;c;3;Exp22DM08_inoc1_saisie_V2;Fichier total
Exp22DM08-Inoc1-T4-P82;5.0;1.0;5.0;0.0;;;a;4;Exp22DM08_inoc1_saisie_V2;Fichier total
Exp22DM08-Inoc1-T4-P82;3.0;1.0;5.0;0.0;;;b;4;Exp22DM08_inoc1_saisie_V2;Fichier total
Exp22DM08-Inoc1-T4-P82;3.0;1.0;5.0;0.0;;;c;4;Exp22DM08_inoc1_saisie_V2;Fichier total
Exp22DM08-Inoc1-T4-P83;5.0;1.0;7.0;1.0;7.0;7.0;a;1;Exp22DM08_inoc1_saisie_V2;Fichier total
Exp22DM08-Inoc1-T4-P83;3.0;1.0;5.0;1.0;9.0;9.0;b;1;Exp22DM08_inoc1_saisie_V2;Fichier total
Exp22DM08-Inoc1-T4-P83;3.0;1.0;5.0;0.0;;;c;1;Exp22DM08_inoc1_saisie_V2;Fichier total
Exp22DM08-Inoc1-T4-P83;7.0;1.0;9.0;1.0;9.0;7.0;a;2;Exp22DM08_inoc1_saisie_V2;Fichier total
Exp22DM08-Inoc1-T4-P83;5.0;1.0;9.0;1.0;7.0;7.0;b;2;Exp22DM08_inoc1_saisie_V2;Fichier total
Exp22DM08-Inoc1-T4-P83;7.0;1.0;9.0;1.0;7.0;9.0;c;2;Exp22DM08_inoc1_saisie_V2;Fichier total
Exp22DM08-Inoc1-T4-P83;3.0;1.0;5.0;1.0;5.0;5.0;a;3;Exp22DM08_inoc1_saisie_V2;Fichier total
Exp22DM08-Inoc1-T4-P83;5.0;1.0;7.0;1.0;7.0;7.0;b;3;Exp22DM08_inoc1_saisie_V2;Fichier total
Exp22DM08-Inoc1-T4-P83;5.0;1.0;7.0;1.0;9.0;5.0;c;3;Exp22DM08_inoc1_saisie_V2;Fichier total
Exp22DM08-Inoc1-T4-P83;5.0;1.0;7.0;0.0;;;a;4;Exp22DM08_inoc1_saisie_V2;Fichier total
Exp22DM08-Inoc1-T4-P83;5.0;1.0;7.0;0.0;;;b;4;Exp22DM08_inoc1_saisie_V2;Fichier total
Exp22DM08-Inoc1-T4-P83;7.0;1.0;7.0;0.0;;;c;4;Exp22DM08_inoc1_saisie_V2;Fichier total
Exp22DM08-Inoc1-T4-P84;3.0;1.0;5.0;0.0;;;a;1;Exp22DM08_inoc1_saisie_V2;Fichier total
Exp22DM08-Inoc1-T4-P84;3.0;1.0;5.0;0.0;;;b;1;Exp22DM08_inoc1_saisie_V2;Fichier total
Exp22DM08-Inoc1-T4-P84;3.0;1.0;5.0;0.0;;;c;1;Exp22DM08_inoc1_saisie_V2;Fichier total
Exp22DM08-Inoc1-T4-P84;3.0;1.0;7.0;1.0;5.0;5.0;a;2;Exp22DM08_inoc1_saisie_V2;Fichier total
Exp22DM08-Inoc1-T4-P84;3.0;1.0;7.0;1.0;5.0;5.0;b;2;Exp22DM08_inoc1_saisie_V2;Fichier total
Exp22DM08-Inoc1-T4-P84;3.0;1.0;7.0;0.0;;;c;2;Exp22DM08_inoc1_saisie_V2;Fichier total
Exp22DM08-Inoc1-T4-P84;7.0;1.0;9.0;0.0;;;a;3;Exp22DM08_inoc1_saisie_V2;Fichier total
Exp22DM08-Inoc1-T4-P84;7.0;1.0;9.0;0.0;;;b;3;Exp22DM08_inoc1_saisie_V2;Fichier total
Exp22DM08-Inoc1-T4-P84;7.0;1.0;9.0;1.0;7.0;7.0;c;3;Exp22DM08_inoc1_saisie_V2;Fichier total
Exp22DM08-Inoc1-T4-P84;3.0;1.0;5.0;0.0;;;a;4;Exp22DM08_inoc1_saisie_V2;Fichier total
Exp22DM08-Inoc1-T4-P84;3.0;1.0;5.0;0.0;;;b;4;Exp22DM08_inoc1_saisie_V2;Fichier total
Exp22DM08-Inoc1-T4-P84;3.0;1.0;5.0;0.0;;;c;4;Exp22DM08_inoc1_saisie_V2;Fichier total
Exp22DM08-Inoc1-T4-P85;7.0;1.0;7.0;1.0;3.0;7.0;a;1;Exp22DM08_inoc1_saisie_V2;Fichier total
Exp22DM08-Inoc1-T4-P85;5.0;1.0;7.0;1.0;5.0;5.0;b;1;Exp22DM08_inoc1_saisie_V2;Fichier total
Exp22DM08-Inoc1-T4-P85;7.0;1.0;7.0;1.0;9.0;7.0;c;1;Exp22DM08_inoc1_saisie_V2;Fichier total
Exp22DM08-Inoc1-T4-P85;3.0;1.0;5.0;0.0;;;a;2;Exp22DM08_inoc1_saisie_V2;Fichier total
Exp22DM08-Inoc1-T4-P85;3.0;1.0;5.0;0.0;;;b;2;Exp22DM08_inoc1_saisie_V2;Fichier total
Exp22DM08-Inoc1-T4-P85;3.0;1.0;5.0;0.0;;;c;2;Exp22DM08_inoc1_saisie_V2;Fichier total
Exp22DM08-Inoc1-T4-P85;5.0;1.0;5.0;0.0;;;a;3;Exp22DM08_inoc1_saisie_V2;Fichier total
Exp22DM08-Inoc1-T4-P85;5.0;1.0;5.0;1.0;7.0;7.0;b;3;Exp22DM08_inoc1_saisie_V2;Fichier total
Exp22DM08-Inoc1-T4-P85;3.0;1.0;5.0;0.0;;;c;3;Exp22DM08_inoc1_saisie_V2;Fichier total
Exp22DM08-Inoc1-T4-P85;7.0;1.0;7.0;1.0;3.0;5.0;a;4;Exp22DM08_inoc1_saisie_V2;Fichier total
Exp22DM08-Inoc1-T4-P85;7.0;1.0;7.0;1.0;3.0;5.0;b;4;Exp22DM08_inoc1_saisie_V2;Fichier total
Exp22DM08-Inoc1-T4-P85;7.0;1.0;9.0;1.0;3.0;5.0;c;4;Exp22DM08_inoc1_saisie_V2;Fichier total
Exp22DM08-Inoc1-T4-P86;3.0;1.0;3.0;0.0;;;a;1;Exp22DM08_inoc1_saisie_V2;Fichier total
Exp22DM08-Inoc1-T4-P86;3.0;1.0;3.0;0.0;;;b;1;Exp22DM08_inoc1_saisie_V2;Fichier total
Exp22DM08-Inoc1-T4-P86;1.0;1.0;3.0;0.0;;;c;1;Exp22DM08_inoc1_saisie_V2;Fichier total
Exp22DM08-Inoc1-T4-P86;3.0;1.0;5.0;0.0;;;a;2;Exp22DM08_inoc1_saisie_V2;Fichier total
Exp22DM08-Inoc1-T4-P86;3.0;1.0;5.0;1.0;9.0;9.0;b;2;Exp22DM08_inoc1_saisie_V2;Fichier total
Exp22DM08-Inoc1-T4-P86;3.0;1.0;5.0;0.0;;;c;2;Exp22DM08_inoc1_saisie_V2;Fichier total
Exp22DM08-Inoc1-T4-P86;5.0;1.0;5.0;1.0;7.0;9.0;a;3;Exp22DM08_inoc1_saisie_V2;Fichier total
Exp22DM08-Inoc1-T4-P86;3.0;1.0;5.0;1.0;5.0;7.0;b;3;Exp22DM08_inoc1_saisie_V2;Fichier total
Exp22DM08-Inoc1-T4-P86;3.0;1.0;5.0;1.0;5.0;7.0;c;3;Exp22DM08_inoc1_saisie_V2;Fichier total
Exp22DM08-Inoc1-T4-P86;7.0;1.0;9.0;1.0;5.0;5.0;a;4;Exp22DM08_inoc1_saisie_V2;Fichier total
Exp22DM08-Inoc1-T4-P86;7.0;1.0;9.0;1.0;7.0;7.0;b;4;Exp22DM08_inoc1_saisie_V2;Fichier total
Exp22DM08-Inoc1-T4-P86;7.0;1.0;9.0;0.0;;;c;4;Exp22DM08_inoc1_saisie_V2;Fichier total
Exp22DM08-Inoc1-T4-P87;5.0;1.0;5.0;0.0;;;a;1;Exp22DM08_inoc1_saisie_V2;Fichier total
Exp22DM08-Inoc1-T4-P87;5.0;1.0;5.0;0.0;;;b;1;Exp22DM08_inoc1_saisie_V2;Fichier total
Exp22DM08-Inoc1-T4-P87;3.0;1.0;5.0;0.0;;;c;1;Exp22DM08_inoc1_saisie_V2;Fichier total
Exp22DM08-Inoc1-T4-P87;5.0;1.0;3.0;1.0;5.0;3.0;a;2;Exp22DM08_inoc1_saisie_V2;Fichier total
Exp22DM08-Inoc1-T4-P87;3.0;1.0;3.0;1.0;5.0;3.0;b;2;Exp22DM08_inoc1_saisie_V2;Fichier total
Exp22DM08-Inoc1-T4-P87;5.0;1.0;3.0;0.0;;;c;2;Exp22DM08_inoc1_saisie_V2;Fichier total
Exp22DM08-Inoc1-T4-P87;1.0;1.0;3.0;0.0;;;a;3;Exp22DM08_inoc1_saisie_V2;Fichier total
Exp22DM08-Inoc1-T4-P87;3.0;1.0;3.0;0.0;;;b;3;Exp22DM08_inoc1_saisie_V2;Fichier total
Exp22DM08-Inoc1-T4-P87;3.0;1.0;5.0;0.0;;;c;3;Exp22DM08_inoc1_saisie_V2;Fichier total
Exp22DM08-Inoc1-T4-P87;1.0;1.0;5.0;0.0;;;a;4;Exp22DM08_inoc1_saisie_V2;Fichier total
Exp22DM08-Inoc1-T4-P87;3.0;1.0;3.0;0.0;;;b;4;Exp22DM08_inoc1_saisie_V2;Fichier total
Exp22DM08-Inoc1-T4-P87;5.0;1.0;5.0;0.0;;;c;4;Exp22DM08_inoc1_saisie_V2;Fichier total
Exp22DM08-Inoc1-T4-P88;7.0;1.0;7.0;1.0;7.0;9.0;a;1;Exp22DM08_inoc1_saisie_V2;Fichier total
Exp22DM08-Inoc1-T4-P88;7.0;1.0;7.0;1.0;7.0;9.0;b;1;Exp22DM08_inoc1_saisie_V2;Fichier total
Exp22DM08-Inoc1-T4-P88;7.0;1.0;7.0;1.0;9.0;9.0;c;1;Exp22DM08_inoc1_saisie_V2;Fichier total
Exp22DM08-Inoc1-T4-P88;7.0;1.0;9.0;0.0;;;a;2;Exp22DM08_inoc1_saisie_V2;Fichier total
Exp22DM08-Inoc1-T4-P88;7.0;1.0;7.0;0.0;;;b;2;Exp22DM08_inoc1_saisie_V2;Fichier total
Exp22DM08-Inoc1-T4-P88;5.0;1.0;7.0;0.0;;;c;2;Exp22DM08_inoc1_saisie_V2;Fichier total
Exp22DM08-Inoc1-T5-P1;5.0;1.0;5.0;0.0;;;a;1;Exp22DM08_inoc1_saisie_V2;Fichier total
Exp22DM08-Inoc1-T5-P1;5.0;1.0;5.0;1.0;9.0;9.0;b;1;Exp22DM08_inoc1_saisie_V2;Fichier total
Exp22DM08-Inoc1-T5-P1;5.0;1.0;3.0;0.0;;;c;1;Exp22DM08_inoc1_saisie_V2;Fichier total
Exp22DM08-Inoc1-T5-P1;7.0;1.0;5.0;1.0;9.0;7.0;a;2;Exp22DM08_inoc1_saisie_V2;Fichier total
Exp22DM08-Inoc1-T5-P1;7.0;1.0;5.0;0.0;;;b;2;Exp22DM08_inoc1_saisie_V2;Fichier total
Exp22DM08-Inoc1-T5-P1;7.0;1.0;5.0;1.0;7.0;7.0;c;2;Exp22DM08_inoc1_saisie_V2;Fichier total
Exp22DM08-Inoc1-T5-P1;5.0;1.0;5.0;1.0;7.0;5.0;a;3;Exp22DM08_inoc1_saisie_V2;Fichier total
Exp22DM08-Inoc1-T5-P1;5.0;1.0;5.0;1.0;7.0;7.0;b;3;Exp22DM08_inoc1_saisie_V2;Fichier total
Exp22DM08-Inoc1-T5-P1;5.0;1.0;5.0;1.0;5.0;7.0;c;3;Exp22DM08_inoc1_saisie_V2;Fichier total
Exp22DM08-Inoc1-T5-P1;9.0;0.0;;1.0;5.0;9.0;a;4;Exp22DM08_inoc1_saisie_V2;Fichier total
Exp22DM08-Inoc1-T5-P1;9.0;0.0;;1.0;5.0;9.0;b;4;Exp22DM08_inoc1_saisie_V2;Fichier total
Exp22DM08-Inoc1-T5-P1;9.0;0.0;;1.0;5.0;9.0;c;4;Exp22DM08_inoc1_saisie_V2;Fichier total
Exp22DM08-Inoc1-T5-P2;9.0;0.0;;1.0;3.0;9.0;a;1;Exp22DM08_inoc1_saisie_V2;Fichier total
Exp22DM08-Inoc1-T5-P2;9.0;0.0;;1.0;3.0;9.0;b;1;Exp22DM08_inoc1_saisie_V2;Fichier total
Exp22DM08-Inoc1-T5-P2;9.0;0.0;;1.0;7.0;9.0;c;1;Exp22DM08_inoc1_saisie_V2;Fichier total
Exp22DM08-Inoc1-T5-P2;9.0;0.0;;1.0;9.0;9.0;a;2;Exp22DM08_inoc1_saisie_V2;Fichier total
Exp22DM08-Inoc1-T5-P2;7.0;1.0;7.0;1.0;9.0;9.0;b;2;Exp22DM08_inoc1_saisie_V2;Fichier total
Exp22DM08-Inoc1-T5-P2;9.0;0.0;;1.0;9.0;9.0;c;2;Exp22DM08_inoc1_saisie_V2;Fichier total
Exp22DM08-Inoc1-T5-P2;7.0;1.0;5.0;0.0;;;a;3;Exp22DM08_inoc1_saisie_V2;Fichier total
Exp22DM08-Inoc1-T5-P2;5.0;1.0;3.0;0.0;;;b;3;Exp22DM08_inoc1_saisie_V2;Fichier total
Exp22DM08-Inoc1-T5-P2;5.0;1.0;3.0;0.0;;;c;3;Exp22DM08_inoc1_saisie_V2;Fichier total
Exp22DM08-Inoc1-T5-P2;9.0;0.0;;1.0;7.0;7.0;a;4;Exp22DM08_inoc1_saisie_V2;Fichier total
Exp22DM08-Inoc1-T5-P2;9.0;0.0;;1.0;7.0;7.0;b;4;Exp22DM08_inoc1_saisie_V2;Fichier total
Exp22DM08-Inoc1-T5-P2;9.0;0.0;;1.0;7.0;5.0;c;4;Exp22DM08_inoc1_saisie_V2;Fichier total
Exp22DM08-Inoc1-T5-P3;7.0;1.0;9.0;1.0;9.0;5.0;a;1;Exp22DM08_inoc1_saisie_V2;Fichier total
Exp22DM08-Inoc1-T5-P3;9.0;0.0;;1.0;7.0;5.0;b;1;Exp22DM08_inoc1_saisie_V2;Fichier total
Exp22DM08-Inoc1-T5-P3;9.0;0.0;;1.0;7.0;5.0;c;1;Exp22DM08_inoc1_saisie_V2;Fichier total
Exp22DM08-Inoc1-T5-P3;7.0;1.0;5.0;0.0;;;a;2;Exp22DM08_inoc1_saisie_V2;Fichier total
Exp22DM08-Inoc1-T5-P3;5.0;1.0;5.0;1.0;9.0;9.0;b;2;Exp22DM08_inoc1_saisie_V2;Fichier total
Exp22DM08-Inoc1-T5-P3;3.0;1.0;5.0;0.0;;;c;2;Exp22DM08_inoc1_saisie_V2;Fichier total
Exp22DM08-Inoc1-T5-P3;5.0;1.0;3.0;0.0;;;a;3;Exp22DM08_inoc1_saisie_V2;Fichier total
Exp22DM08-Inoc1-T5-P3;5.0;1.0;3.0;0.0;;;b;3;Exp22DM08_inoc1_saisie_V2;Fichier total
Exp22DM08-Inoc1-T5-P3;5.0;1.0;3.0;0.0;;;c;3;Exp22DM08_inoc1_saisie_V2;Fichier total
Exp22DM08-Inoc1-T5-P3;5.0;1.0;5.0;1.0;7.0;5.0;a;4;Exp22DM08_inoc1_saisie_V2;Fichier total
Exp22DM08-Inoc1-T5-P3;7.0;1.0;5.0;1.0;5.0;5.0;b;4;Exp22DM08_inoc1_saisie_V2;Fichier total
Exp22DM08-Inoc1-T5-P3;7.0;1.0;5.0;1.0;5.0;5.0;c;4;Exp22DM08_inoc1_saisie_V2;Fichier total
Exp22DM08-Inoc1-T5-P4;9.0;0.0;;1.0;5.0;9.0;a;1;Exp22DM08_inoc1_saisie_V2;Fichier total
Exp22DM08-Inoc1-T5-P4;9.0;0.0;;1.0;3.0;9.0;b;1;Exp22DM08_inoc1_saisie_V2;Fichier total
Exp22DM08-Inoc1-T5-P4;9.0;0.0;;1.0;5.0;9.0;c;1;Exp22DM08_inoc1_saisie_V2;Fichier total
Exp22DM08-Inoc1-T5-P4;9.0;0.0;;1.0;3.0;9.0;a;2;Exp22DM08_inoc1_saisie_V2;Fichier total
Exp22DM08-Inoc1-T5-P4;9.0;0.0;;1.0;5.0;9.0;b;2;Exp22DM08_inoc1_saisie_V2;Fichier total
Exp22DM08-Inoc1-T5-P4;9.0;0.0;;1.0;5.0;9.0;c;2;Exp22DM08_inoc1_saisie_V2;Fichier total
Exp22DM08-Inoc1-T5-P4;7.0;1.0;7.0;1.0;9.0;9.0;a;3;Exp22DM08_inoc1_saisie_V2;Fichier total
Exp22DM08-Inoc1-T5-P4;7.0;1.0;7.0;1.0;9.0;7.0;b;3;Exp22DM08_inoc1_saisie_V2;Fichier total
Exp22DM08-Inoc1-T5-P4;9.0;0.0;;0.0;;;c;3;Exp22DM08_inoc1_saisie_V2;Fichier total
Exp22DM08-Inoc1-T5-P4;5.0;1.0;5.0;0.0;;;a;4;Exp22DM08_inoc1_saisie_V2;Fichier total
Exp22DM08-Inoc1-T5-P4;5.0;1.0;5.0;0.0;;;b;4;Exp22DM08_inoc1_saisie_V2;Fichier total
Exp22DM08-Inoc1-T5-P4;5.0;1.0;5.0;0.0;;;c;4;Exp22DM08_inoc1_saisie_V2;Fichier total
Exp22DM08-Inoc1-T5-P5;5.0;1.0;7.0;0.0;;;a;1;Exp22DM08_inoc1_saisie_V2;Fichier total
Exp22DM08-Inoc1-T5-P5;5.0;1.0;5.0;0.0;;;b;1;Exp22DM08_inoc1_saisie_V2;Fichier total
Exp22DM08-Inoc1-T5-P5;5.0;1.0;5.0;0.0;;;c;1;Exp22DM08_inoc1_saisie_V2;Fichier total
Exp22DM08-Inoc1-T5-P5;7.0;1.0;9.0;1.0;7.0;7.0;a;2;Exp22DM08_inoc1_saisie_V2;Fichier total
Exp22DM08-Inoc1-T5-P5;7.0;1.0;7.0;1.0;5.0;5.0;b;2;Exp22DM08_inoc1_saisie_V2;Fichier total
Exp22DM08-Inoc1-T5-P5;7.0;1.0;7.0;1.0;5.0;5.0;c;2;Exp22DM08_inoc1_saisie_V2;Fichier total
Exp22DM08-Inoc1-T5-P5;5.0;1.0;3.0;1.0;9.0;9.0;a;3;Exp22DM08_inoc1_saisie_V2;Fichier total
Exp22DM08-Inoc1-T5-P5;3.0;1.0;3.0;0.0;;;b;3;Exp22DM08_inoc1_saisie_V2;Fichier total
Exp22DM08-Inoc1-T5-P5;3.0;1.0;3.0;0.0;;;c;3;Exp22DM08_inoc1_saisie_V2;Fichier total
Exp22DM08-Inoc1-T5-P5;7.0;1.0;5.0;1.0;9.0;7.0;a;4;Exp22DM08_inoc1_saisie_V2;Fichier total
Exp22DM08-Inoc1-T5-P5;7.0;1.0;5.0;0.0;;;b;4;Exp22DM08_inoc1_saisie_V2;Fichier total
Exp22DM08-Inoc1-T5-P5;7.0;1.0;5.0;1.0;9.0;7.0;c;4;Exp22DM08_inoc1_saisie_V2;Fichier total
Exp22DM08-Inoc1-T5-P6;7.0;1.0;5.0;1.0;7.0;9.0;a;1;Exp22DM08_inoc1_saisie_V2;Fichier total
Exp22DM08-Inoc1-T5-P6;5.0;1.0;7.0;1.0;5.0;7.0;b;1;Exp22DM08_inoc1_saisie_V2;Fichier total
Exp22DM08-Inoc1-T5-P6;7.0;1.0;5.0;1.0;7.0;7.0;c;1;Exp22DM08_inoc1_saisie_V2;Fichier total
Exp22DM08-Inoc1-T5-P6;9.0;0.0;;1.0;7.0;7.0;a;2;Exp22DM08_inoc1_saisie_V2;Fichier total
Exp22DM08-Inoc1-T5-P6;9.0;0.0;;1.0;7.0;9.0;b;2;Exp22DM08_inoc1_saisie_V2;Fichier total
Exp22DM08-Inoc1-T5-P6;9.0;0.0;;1.0;7.0;7.0;c;2;Exp22DM08_inoc1_saisie_V2;Fichier total
Exp22DM08-Inoc1-T5-P6;9.0;0.0;;1.0;5.0;9.0;a;3;Exp22DM08_inoc1_saisie_V2;Fichier total
Exp22DM08-Inoc1-T5-P6;9.0;0.0;;1.0;5.0;9.0;b;3;Exp22DM08_inoc1_saisie_V2;Fichier total
Exp22DM08-Inoc1-T5-P6;9.0;0.0;;1.0;5.0;9.0;c;3;Exp22DM08_inoc1_saisie_V2;Fichier total
Exp22DM08-Inoc1-T5-P6;5.0;1.0;5.0;0.0;;;a;4;Exp22DM08_inoc1_saisie_V2;Fichier total
Exp22DM08-Inoc1-T5-P6;5.0;1.0;5.0;0.0;;;b;4;Exp22DM08_inoc1_saisie_V2;Fichier total
Exp22DM08-Inoc1-T5-P6;5.0;1.0;5.0;0.0;;;c;4;Exp22DM08_inoc1_saisie_V2;Fichier total
Exp22DM08-Inoc1-T5-P7;7.0;1.0;5.0;1.0;7.0;5.0;a;1;Exp22DM08_inoc1_saisie_V2;Fichier total
Exp22DM08-Inoc1-T5-P7;5.0;1.0;7.0;1.0;5.0;3.0;b;1;Exp22DM08_inoc1_saisie_V2;Fichier total
Exp22DM08-Inoc1-T5-P7;5.0;1.0;7.0;1.0;5.0;5.0;c;1;Exp22DM08_inoc1_saisie_V2;Fichier total
Exp22DM08-Inoc1-T5-P7;5.0;1.0;5.0;1.0;5.0;7.0;a;2;Exp22DM08_inoc1_saisie_V2;Fichier total
Exp22DM08-Inoc1-T5-P7;3.0;1.0;5.0;0.0;;;b;2;Exp22DM08_inoc1_saisie_V2;Fichier total
Exp22DM08-Inoc1-T5-P7;5.0;1.0;5.0;1.0;7.0;5.0;c;2;Exp22DM08_inoc1_saisie_V2;Fichier total
Exp22DM08-Inoc1-T5-P7;7.0;1.0;9.0;1.0;5.0;5.0;a;3;Exp22DM08_inoc1_saisie_V2;Fichier total
Exp22DM08-Inoc1-T5-P7;9.0;0.0;;1.0;5.0;7.0;b;3;Exp22DM08_inoc1_saisie_V2;Fichier total
Exp22DM08-Inoc1-T5-P7;9.0;0.0;;1.0;5.0;7.0;c;3;Exp22DM08_inoc1_saisie_V2;Fichier total
Exp22DM08-Inoc1-T5-P7;5.0;1.0;5.0;0.0;;;a;4;Exp22DM08_inoc1_saisie_V2;Fichier total
Exp22DM08-Inoc1-T5-P7;9.0;0.0;;1.0;9.0;7.0;b;4;Exp22DM08_inoc1_saisie_V2;Fichier total
Exp22DM08-Inoc1-T5-P7;7.0;1.0;9.0;1.0;5.0;9.0;c;4;Exp22DM08_inoc1_saisie_V2;Fichier total
Exp22DM08-Inoc1-T5-P8;5.0;1.0;5.0;1.0;5.0;5.0;a;1;Exp22DM08_inoc1_saisie_V2;Fichier total
Exp22DM08-Inoc1-T5-P8;5.0;1.0;5.0;1.0;5.0;5.0;b;1;Exp22DM08_inoc1_saisie_V2;Fichier total
Exp22DM08-Inoc1-T5-P8;5.0;1.0;5.0;1.0;5.0;5.0;c;1;Exp22DM08_inoc1_saisie_V2;Fichier total
Exp22DM08-Inoc1-T5-P8;7.0;1.0;5.0;1.0;5.0;7.0;a;2;Exp22DM08_inoc1_saisie_V2;Fichier total
Exp22DM08-Inoc1-T5-P8;7.0;1.0;9.0;1.0;5.0;5.0;b;2;Exp22DM08_inoc1_saisie_V2;Fichier total
Exp22DM08-Inoc1-T5-P8;7.0;1.0;9.0;1.0;7.0;5.0;c;2;Exp22DM08_inoc1_saisie_V2;Fichier total
Exp22DM08-Inoc1-T5-P8;5.0;1.0;5.0;1.0;5.0;5.0;a;3;Exp22DM08_inoc1_saisie_V2;Fichier total
Exp22DM08-Inoc1-T5-P8;5.0;1.0;3.0;1.0;7.0;5.0;b;3;Exp22DM08_inoc1_saisie_V2;Fichier total
Exp22DM08-Inoc1-T5-P8;5.0;1.0;3.0;1.0;7.0;5.0;c;3;Exp22DM08_inoc1_saisie_V2;Fichier total
Exp22DM08-Inoc1-T5-P8;9.0;0.0;;1.0;9.0;9.0;a;4;Exp22DM08_inoc1_saisie_V2;Fichier total
Exp22DM08-Inoc1-T5-P8;9.0;0.0;;0.0;;;b;4;Exp22DM08_inoc1_saisie_V2;Fichier total
Exp22DM08-Inoc1-T5-P8;9.0;0.0;;0.0;;;c;4;Exp22DM08_inoc1_saisie_V2;Fichier total
Exp22DM08-Inoc1-T5-P9;7.0;1.0;9.0;1.0;5.0;5.0;a;1;Exp22DM08_inoc1_saisie_V2;Fichier total
Exp22DM08-Inoc1-T5-P9;7.0;1.0;9.0;1.0;5.0;5.0;b;1;Exp22DM08_inoc1_saisie_V2;Fichier total
Exp22DM08-Inoc1-T5-P9;7.0;1.0;9.0;1.0;5.0;7.0;c;1;Exp22DM08_inoc1_saisie_V2;Fichier total
Exp22DM08-Inoc1-T5-P9;3.0;1.0;5.0;0.0;;;a;2;Exp22DM08_inoc1_saisie_V2;Fichier total
Exp22DM08-Inoc1-T5-P9;1.0;1.0;5.0;0.0;;;b;2;Exp22DM08_inoc1_saisie_V2;Fichier total
Exp22DM08-Inoc1-T5-P9;1.0;1.0;5.0;0.0;;;c;2;Exp22DM08_inoc1_saisie_V2;Fichier total
Exp22DM08-Inoc1-T5-P9;9.0;0.0;;1.0;9.0;9.0;a;3;Exp22DM08_inoc1_saisie_V2;Fichier total
Exp22DM08-Inoc1-T5-P9;9.0;0.0;;1.0;9.0;9.0;b;3;Exp22DM08_inoc1_saisie_V2;Fichier total
Exp22DM08-Inoc1-T5-P9;9.0;0.0;;1.0;7.0;9.0;c;3;Exp22DM08_inoc1_saisie_V2;Fichier total
Exp22DM08-Inoc1-T5-P9;5.0;1.0;9.0;1.0;3.0;5.0;a;4;Exp22DM08_inoc1_saisie_V2;Fichier total
Exp22DM08-Inoc1-T5-P9;3.0;1.0;7.0;1.0;5.0;5.0;b;4;Exp22DM08_inoc1_saisie_V2;Fichier total
Exp22DM08-Inoc1-T5-P9;3.0;1.0;7.0;1.0;5.0;5.0;c;4;Exp22DM08_inoc1_saisie_V2;Fichier total
Exp22DM08-Inoc1-T5-P10;5.0;1.0;7.0;1.0;5.0;5.0;a;1;Exp22DM08_inoc1_saisie_V2;Fichier total
Exp22DM08-Inoc1-T5-P10;7.0;1.0;5.0;1.0;7.0;5.0;b;1;Exp22DM08_inoc1_saisie_V2;Fichier total
Exp22DM08-Inoc1-T5-P10;5.0;1.0;5.0;1.0;5.0;5.0;c;1;Exp22DM08_inoc1_saisie_V2;Fichier total
Exp22DM08-Inoc1-T5-P10;9.0;0.0;;1.0;9.0;7.0;a;2;Exp22DM08_inoc1_saisie_V2;Fichier total
Exp22DM08-Inoc1-T5-P10;9.0;0.0;;1.0;9.0;7.0;b;2;Exp22DM08_inoc1_saisie_V2;Fichier total
Exp22DM08-Inoc1-T5-P10;7.0;1.0;5.0;1.0;5.0;5.0;c;2;Exp22DM08_inoc1_saisie_V2;Fichier total
Exp22DM08-Inoc1-T5-P10;7.0;1.0;5.0;1.0;5.0;5.0;a;3;Exp22DM08_inoc1_saisie_V2;Fichier total
Exp22DM08-Inoc1-T5-P10;7.0;1.0;5.0;1.0;5.0;5.0;b;3;Exp22DM08_inoc1_saisie_V2;Fichier total
Exp22DM08-Inoc1-T5-P10;7.0;1.0;5.0;1.0;5.0;5.0;c;3;Exp22DM08_inoc1_saisie_V2;Fichier total
Exp22DM08-Inoc1-T5-P10;3.0;1.0;1.0;0.0;;;a;4;Exp22DM08_inoc1_saisie_V2;Fichier total
Exp22DM08-Inoc1-T5-P10;3.0;1.0;1.0;0.0;;;b;4;Exp22DM08_inoc1_saisie_V2;Fichier total
Exp22DM08-Inoc1-T5-P10;3.0;1.0;1.0;0.0;;;c;4;Exp22DM08_inoc1_saisie_V2;Fichier total
Exp22DM08-Inoc1-T5-P11;5.0;1.0;5.0;1.0;5.0;7.0;a;1;Exp22DM08_inoc1_saisie_V2;Fichier total
Exp22DM08-Inoc1-T5-P11;5.0;1.0;3.0;1.0;5.0;5.0;b;1;Exp22DM08_inoc1_saisie_V2;Fichier total
Exp22DM08-Inoc1-T5-P11;5.0;1.0;5.0;1.0;7.0;7.0;c;1;Exp22DM08_inoc1_saisie_V2;Fichier total
Exp22DM08-Inoc1-T5-P11;7.0;1.0;7.0;1.0;7.0;7.0;a;2;Exp22DM08_inoc1_saisie_V2;Fichier total
Exp22DM08-Inoc1-T5-P11;7.0;1.0;7.0;1.0;7.0;7.0;b;2;Exp22DM08_inoc1_saisie_V2;Fichier total
Exp22DM08-Inoc1-T5-P11;7.0;1.0;5.0;1.0;9.0;7.0;c;2;Exp22DM08_inoc1_saisie_V2;Fichier total
Exp22DM08-Inoc1-T5-P11;7.0;1.0;5.0;1.0;7.0;7.0;a;3;Exp22DM08_inoc1_saisie_V2;Fichier total
Exp22DM08-Inoc1-T5-P11;5.0;1.0;5.0;1.0;9.0;7.0;b;3;Exp22DM08_inoc1_saisie_V2;Fichier total
Exp22DM08-Inoc1-T5-P11;7.0;1.0;7.0;1.0;5.0;7.0;c;3;Exp22DM08_inoc1_saisie_V2;Fichier total
Exp22DM08-Inoc1-T5-P11;9.0;0.0;;1.0;7.0;9.0;a;4;Exp22DM08_inoc1_saisie_V2;Fichier total
Exp22DM08-Inoc1-T5-P11;7.0;1.0;9.0;1.0;7.0;7.0;b;4;Exp22DM08_inoc1_saisie_V2;Fichier total
Exp22DM08-Inoc1-T5-P11;7.0;1.0;9.0;1.0;7.0;7.0;c;4;Exp22DM08_inoc1_saisie_V2;Fichier total
Exp22DM08-Inoc1-T5-P12;7.0;1.0;9.0;1.0;5.0;5.0;a;1;Exp22DM08_inoc1_saisie_V2;Fichier total
Exp22DM08-Inoc1-T5-P12;7.0;1.0;9.0;1.0;3.0;5.0;b;1;Exp22DM08_inoc1_saisie_V2;Fichier total
Exp22DM08-Inoc1-T5-P12;7.0;1.0;9.0;1.0;3.0;5.0;c;1;Exp22DM08_inoc1_saisie_V2;Fichier total
Exp22DM08-Inoc1-T5-P12;3.0;1.0;5.0;0.0;;;a;2;Exp22DM08_inoc1_saisie_V2;Fichier total
Exp22DM08-Inoc1-T5-P12;3.0;1.0;5.0;0.0;;;b;2;Exp22DM08_inoc1_saisie_V2;Fichier total
Exp22DM08-Inoc1-T5-P12;3.0;1.0;5.0;0.0;;;c;2;Exp22DM08_inoc1_saisie_V2;Fichier total
Exp22DM08-Inoc1-T5-P12;3.0;1.0;3.0;0.0;;;a;3;Exp22DM08_inoc1_saisie_V2;Fichier total
Exp22DM08-Inoc1-T5-P12;3.0;1.0;3.0;0.0;;;b;3;Exp22DM08_inoc1_saisie_V2;Fichier total
Exp22DM08-Inoc1-T5-P12;5.0;1.0;3.0;0.0;;;c;3;Exp22DM08_inoc1_saisie_V2;Fichier total
Exp22DM08-Inoc1-T5-P12;7.0;1.0;9.0;1.0;5.0;7.0;a;4;Exp22DM08_inoc1_saisie_V2;Fichier total
Exp22DM08-Inoc1-T5-P12;7.0;1.0;9.0;1.0;5.0;7.0;b;4;Exp22DM08_inoc1_saisie_V2;Fichier total
Exp22DM08-Inoc1-T5-P12;7.0;1.0;9.0;1.0;5.0;7.0;c;4;Exp22DM08_inoc1_saisie_V2;Fichier total
Exp22DM08-Inoc1-T5-P13;7.0;1.0;7.0;1.0;5.0;9.0;a;1;Exp22DM08_inoc1_saisie_V2;Fichier total
Exp22DM08-Inoc1-T5-P13;9.0;0.0;;1.0;5.0;7.0;b;1;Exp22DM08_inoc1_saisie_V2;Fichier total
Exp22DM08-Inoc1-T5-P13;5.0;1.0;7.0;1.0;5.0;9.0;c;1;Exp22DM08_inoc1_saisie_V2;Fichier total
Exp22DM08-Inoc1-T5-P13;7.0;1.0;7.0;1.0;5.0;7.0;a;2;Exp22DM08_inoc1_saisie_V2;Fichier total
Exp22DM08-Inoc1-T5-P13;7.0;1.0;7.0;1.0;5.0;5.0;b;2;Exp22DM08_inoc1_saisie_V2;Fichier total
Exp22DM08-Inoc1-T5-P13;7.0;1.0;7.0;1.0;5.0;5.0;c;2;Exp22DM08_inoc1_saisie_V2;Fichier total
Exp22DM08-Inoc1-T5-P13;9.0;0.0;;1.0;5.0;7.0;a;3;Exp22DM08_inoc1_saisie_V2;Fichier total
Exp22DM08-Inoc1-T5-P13;9.0;0.0;;1.0;5.0;7.0;b;3;Exp22DM08_inoc1_saisie_V2;Fichier total
Exp22DM08-Inoc1-T5-P13;9.0;0.0;;1.0;5.0;7.0;c;3;Exp22DM08_inoc1_saisie_V2;Fichier total
Exp22DM08-Inoc1-T5-P13;5.0;1.0;9.0;1.0;5.0;5.0;a;4;Exp22DM08_inoc1_saisie_V2;Fichier total
Exp22DM08-Inoc1-T5-P13;5.0;1.0;9.0;1.0;5.0;5.0;b;4;Exp22DM08_inoc1_saisie_V2;Fichier total
Exp22DM08-Inoc1-T5-P13;5.0;1.0;7.0;1.0;7.0;5.0;c;4;Exp22DM08_inoc1_saisie_V2;Fichier total
Exp22DM08-Inoc1-T5-P14;5.0;1.0;1.0;0.0;;;a;1;Exp22DM08_inoc1_saisie_V2;Fichier total
Exp22DM08-Inoc1-T5-P14;5.0;1.0;1.0;0.0;;;b;1;Exp22DM08_inoc1_saisie_V2;Fichier total
Exp22DM08-Inoc1-T5-P14;3.0;1.0;1.0;0.0;;;c;1;Exp22DM08_inoc1_saisie_V2;Fichier total
Exp22DM08-Inoc1-T5-P14;3.0;1.0;1.0;0.0;;;a;2;Exp22DM08_inoc1_saisie_V2;Fichier total
Exp22DM08-Inoc1-T5-P14;1.0;1.0;3.0;0.0;;;b;2;Exp22DM08_inoc1_saisie_V2;Fichier total
Exp22DM08-Inoc1-T5-P14;3.0;1.0;3.0;0.0;;;c;2;Exp22DM08_inoc1_saisie_V2;Fichier total
Exp22DM08-Inoc1-T5-P14;9.0;0.0;;1.0;9.0;7.0;a;3;Exp22DM08_inoc1_saisie_V2;Fichier total
Exp22DM08-Inoc1-T5-P14;7.0;1.0;9.0;1.0;7.0;7.0;b;3;Exp22DM08_inoc1_saisie_V2;Fichier total
Exp22DM08-Inoc1-T5-P14;7.0;1.0;9.0;0.0;;;c;3;Exp22DM08_inoc1_saisie_V2;Fichier total
Exp22DM08-Inoc1-T5-P14;7.0;1.0;7.0;1.0;5.0;7.0;a;4;Exp22DM08_inoc1_saisie_V2;Fichier total
Exp22DM08-Inoc1-T5-P14;7.0;1.0;7.0;1.0;7.0;7.0;b;4;Exp22DM08_inoc1_saisie_V2;Fichier total
Exp22DM08-Inoc1-T5-P14;7.0;1.0;9.0;1.0;7.0;5.0;c;4;Exp22DM08_inoc1_saisie_V2;Fichier total
Exp22DM08-Inoc1-T5-P15;7.0;1.0;7.0;1.0;7.0;7.0;a;1;Exp22DM08_inoc1_saisie_V2;Fichier total
Exp22DM08-Inoc1-T5-P15;7.0;1.0;7.0;1.0;7.0;7.0;b;1;Exp22DM08_inoc1_saisie_V2;Fichier total
Exp22DM08-Inoc1-T5-P15;7.0;1.0;7.0;1.0;7.0;7.0;c;1;Exp22DM08_inoc1_saisie_V2;Fichier total
Exp22DM08-Inoc1-T5-P15;7.0;1.0;9.0;1.0;5.0;7.0;a;2;Exp22DM08_inoc1_saisie_V2;Fichier total
Exp22DM08-Inoc1-T5-P15;7.0;1.0;9.0;1.0;7.0;7.0;b;2;Exp22DM08_inoc1_saisie_V2;Fichier total
Exp22DM08-Inoc1-T5-P15;7.0;1.0;9.0;1.0;5.0;7.0;c;2;Exp22DM08_inoc1_saisie_V2;Fichier total
Exp22DM08-Inoc1-T5-P15;5.0;1.0;5.0;1.0;7.0;7.0;a;3;Exp22DM08_inoc1_saisie_V2;Fichier total
Exp22DM08-Inoc1-T5-P15;3.0;1.0;5.0;1.0;7.0;7.0;b;3;Exp22DM08_inoc1_saisie_V2;Fichier total
Exp22DM08-Inoc1-T5-P15;3.0;1.0;5.0;0.0;;;c;3;Exp22DM08_inoc1_saisie_V2;Fichier total
Exp22DM08-Inoc1-T5-P15;5.0;1.0;7.0;1.0;7.0;7.0;a;4;Exp22DM08_inoc1_saisie_V2;Fichier total
Exp22DM08-Inoc1-T5-P15;5.0;1.0;7.0;1.0;7.0;7.0;b;4;Exp22DM08_inoc1_saisie_V2;Fichier total
Exp22DM08-Inoc1-T5-P15;5.0;1.0;7.0;1.0;7.0;7.0;c;4;Exp22DM08_inoc1_saisie_V2;Fichier total
Exp22DM08-Inoc1-T5-P16;5.0;1.0;7.0;1.0;7.0;7.0;a;1;Exp22DM08_inoc1_saisie_V2;Fichier total
Exp22DM08-Inoc1-T5-P16;7.0;1.0;9.0;0.0;;;b;1;Exp22DM08_inoc1_saisie_V2;Fichier total
Exp22DM08-Inoc1-T5-P16;5.0;1.0;7.0;1.0;9.0;9.0;c;1;Exp22DM08_inoc1_saisie_V2;Fichier total
Exp22DM08-Inoc1-T5-P16;7.0;1.0;7.0;1.0;5.0;7.0;a;2;Exp22DM08_inoc1_saisie_V2;Fichier total
Exp22DM08-Inoc1-T5-P16;7.0;1.0;7.0;1.0;5.0;7.0;b;2;Exp22DM08_inoc1_saisie_V2;Fichier total
Exp22DM08-Inoc1-T5-P16;7.0;1.0;7.0;1.0;5.0;7.0;c;2;Exp22DM08_inoc1_saisie_V2;Fichier total
Exp22DM08-Inoc1-T5-P16;5.0;1.0;3.0;0.0;;;a;3;Exp22DM08_inoc1_saisie_V2;Fichier total
Exp22DM08-Inoc1-T5-P16;5.0;1.0;3.0;0.0;;;b;3;Exp22DM08_inoc1_saisie_V2;Fichier total
Exp22DM08-Inoc1-T5-P16;5.0;1.0;3.0;0.0;;;c;3;Exp22DM08_inoc1_saisie_V2;Fichier total
Exp22DM08-Inoc1-T5-P16;9.0;0.0;;1.0;9.0;5.0;a;4;Exp22DM08_inoc1_saisie_V2;Fichier total
Exp22DM08-Inoc1-T5-P16;7.0;1.0;9.0;1.0;5.0;5.0;b;4;Exp22DM08_inoc1_saisie_V2;Fichier total
Exp22DM08-Inoc1-T5-P16;7.0;1.0;9.0;1.0;5.0;5.0;c;4;Exp22DM08_inoc1_saisie_V2;Fichier total
Exp22DM08-Inoc1-T5-P17;5.0;1.0;3.0;0.0;;;a;1;Exp22DM08_inoc1_saisie_V2;Fichier total
Exp22DM08-Inoc1-T5-P17;3.0;1.0;3.0;0.0;;;b;1;Exp22DM08_inoc1_saisie_V2;Fichier total
Exp22DM08-Inoc1-T5-P17;3.0;1.0;3.0;0.0;;;c;1;Exp22DM08_inoc1_saisie_V2;Fichier total
Exp22DM08-Inoc1-T5-P17;7.0;1.0;9.0;1.0;5.0;5.0;a;2;Exp22DM08_inoc1_saisie_V2;Fichier total
Exp22DM08-Inoc1-T5-P17;7.0;1.0;9.0;1.0;7.0;5.0;b;2;Exp22DM08_inoc1_saisie_V2;Fichier total
Exp22DM08-Inoc1-T5-P17;7.0;1.0;7.0;1.0;7.0;5.0;c;2;Exp22DM08_inoc1_saisie_V2;Fichier total
Exp22DM08-Inoc1-T5-P17;5.0;1.0;3.0;0.0;;;a;3;Exp22DM08_inoc1_saisie_V2;Fichier total
Exp22DM08-Inoc1-T5-P17;3.0;1.0;5.0;0.0;;;b;3;Exp22DM08_inoc1_saisie_V2;Fichier total
Exp22DM08-Inoc1-T5-P17;3.0;1.0;3.0;0.0;;;c;3;Exp22DM08_inoc1_saisie_V2;Fichier total
Exp22DM08-Inoc1-T5-P17;9.0;0.0;;1.0;9.0;9.0;a;4;Exp22DM08_inoc1_saisie_V2;Fichier total
Exp22DM08-Inoc1-T5-P17;9.0;0.0;;1.0;7.0;7.0;b;4;Exp22DM08_inoc1_saisie_V2;Fichier total
Exp22DM08-Inoc1-T5-P17;9.0;0.0;;1.0;7.0;5.0;c;4;Exp22DM08_inoc1_saisie_V2;Fichier total
Exp22DM08-Inoc1-T5-P18;7.0;1.0;7.0;1.0;5.0;5.0;a;1;Exp22DM08_inoc1_saisie_V2;Fichier total
Exp22DM08-Inoc1-T5-P18;7.0;1.0;7.0;1.0;5.0;5.0;b;1;Exp22DM08_inoc1_saisie_V2;Fichier total
Exp22DM08-Inoc1-T5-P18;7.0;1.0;7.0;1.0;5.0;5.0;c;1;Exp22DM08_inoc1_saisie_V2;Fichier total
Exp22DM08-Inoc1-T5-P18;7.0;1.0;7.0;1.0;5.0;5.0;a;2;Exp22DM08_inoc1_saisie_V2;Fichier total
Exp22DM08-Inoc1-T5-P18;7.0;1.0;7.0;1.0;5.0;5.0;b;2;Exp22DM08_inoc1_saisie_V2;Fichier total
Exp22DM08-Inoc1-T5-P18;7.0;1.0;7.0;1.0;3.0;5.0;c;2;Exp22DM08_inoc1_saisie_V2;Fichier total
Exp22DM08-Inoc1-T5-P18;5.0;1.0;7.0;1.0;5.0;7.0;a;3;Exp22DM08_inoc1_saisie_V2;Fichier total
Exp22DM08-Inoc1-T5-P18;7.0;1.0;7.0;1.0;5.0;5.0;b;3;Exp22DM08_inoc1_saisie_V2;Fichier total
Exp22DM08-Inoc1-T5-P18;7.0;1.0;7.0;1.0;5.0;5.0;c;3;Exp22DM08_inoc1_saisie_V2;Fichier total
Exp22DM08-Inoc1-T5-P18;7.0;1.0;5.0;0.0;;;a;4;Exp22DM08_inoc1_saisie_V2;Fichier total
Exp22DM08-Inoc1-T5-P18;7.0;1.0;5.0;0.0;;;b;4;Exp22DM08_inoc1_saisie_V2;Fichier total
Exp22DM08-Inoc1-T5-P18;7.0;1.0;5.0;0.0;;;c;4;Exp22DM08_inoc1_saisie_V2;Fichier total
Exp22DM08-Inoc1-T5-P19;9.0;0.0;;1.0;7.0;7.0;a;1;Exp22DM08_inoc1_saisie_V2;Fichier total
Exp22DM08-Inoc1-T5-P19;9.0;0.0;;1.0;5.0;7.0;b;1;Exp22DM08_inoc1_saisie_V2;Fichier total
Exp22DM08-Inoc1-T5-P19;9.0;0.0;;1.0;5.0;7.0;c;1;Exp22DM08_inoc1_saisie_V2;Fichier total
Exp22DM08-Inoc1-T5-P19;9.0;0.0;;1.0;9.0;9.0;a;2;Exp22DM08_inoc1_saisie_V2;Fichier total
Exp22DM08-Inoc1-T5-P19;9.0;0.0;;1.0;7.0;9.0;b;2;Exp22DM08_inoc1_saisie_V2;Fichier total
Exp22DM08-Inoc1-T5-P19;9.0;0.0;;1.0;7.0;9.0;c;2;Exp22DM08_inoc1_saisie_V2;Fichier total
Exp22DM08-Inoc1-T5-P19;7.0;1.0;9.0;1.0;5.0;5.0;a;3;Exp22DM08_inoc1_saisie_V2;Fichier total
Exp22DM08-Inoc1-T5-P19;7.0;1.0;9.0;1.0;5.0;5.0;b;3;Exp22DM08_inoc1_saisie_V2;Fichier total
Exp22DM08-Inoc1-T5-P19;7.0;1.0;9.0;1.0;7.0;5.0;c;3;Exp22DM08_inoc1_saisie_V2;Fichier total
Exp22DM08-Inoc1-T5-P19;7.0;1.0;9.0;1.0;7.0;7.0;a;4;Exp22DM08_inoc1_saisie_V2;Fichier total
Exp22DM08-Inoc1-T5-P19;7.0;1.0;9.0;1.0;7.0;7.0;b;4;Exp22DM08_inoc1_saisie_V2;Fichier total
Exp22DM08-Inoc1-T5-P19;7.0;1.0;9.0;1.0;7.0;7.0;c;4;Exp22DM08_inoc1_saisie_V2;Fichier total
Exp22DM08-Inoc1-T5-P20;5.0;1.0;3.0;0.0;;;a;1;Exp22DM08_inoc1_saisie_V2;Fichier total
Exp22DM08-Inoc1-T5-P20;5.0;1.0;3.0;0.0;;;b;1;Exp22DM08_inoc1_saisie_V2;Fichier total
Exp22DM08-Inoc1-T5-P20;5.0;1.0;3.0;0.0;;;c;1;Exp22DM08_inoc1_saisie_V2;Fichier total
Exp22DM08-Inoc1-T5-P20;7.0;1.0;7.0;1.0;5.0;5.0;a;2;Exp22DM08_inoc1_saisie_V2;Fichier total
Exp22DM08-Inoc1-T5-P20;7.0;1.0;7.0;1.0;5.0;5.0;b;2;Exp22DM08_inoc1_saisie_V2;Fichier total
Exp22DM08-Inoc1-T5-P20;7.0;1.0;7.0;1.0;5.0;7.0;c;2;Exp22DM08_inoc1_saisie_V2;Fichier total
Exp22DM08-Inoc1-T5-P20;7.0;1.0;7.0;1.0;5.0;7.0;a;3;Exp22DM08_inoc1_saisie_V2;Fichier total
Exp22DM08-Inoc1-T5-P20;7.0;1.0;7.0;1.0;7.0;7.0;b;3;Exp22DM08_inoc1_saisie_V2;Fichier total
Exp22DM08-Inoc1-T5-P20;7.0;1.0;9.0;1.0;7.0;7.0;c;3;Exp22DM08_inoc1_saisie_V2;Fichier total
Exp22DM08-Inoc1-T5-P20;7.0;1.0;9.0;0.0;;;a;4;Exp22DM08_inoc1_saisie_V2;Fichier total
Exp22DM08-Inoc1-T5-P20;7.0;1.0;9.0;1.0;7.0;7.0;b;4;Exp22DM08_inoc1_saisie_V2;Fichier total
Exp22DM08-Inoc1-T5-P20;7.0;1.0;9.0;1.0;9.0;7.0;c;4;Exp22DM08_inoc1_saisie_V2;Fichier total
Exp22DM08-Inoc1-T5-P21;7.0;1.0;5.0;1.0;7.0;5.0;a;1;Exp22DM08_inoc1_saisie_V2;Fichier total
Exp22DM08-Inoc1-T5-P21;7.0;1.0;5.0;1.0;7.0;5.0;b;1;Exp22DM08_inoc1_saisie_V2;Fichier total
Exp22DM08-Inoc1-T5-P21;7.0;1.0;5.0;1.0;7.0;5.0;c;1;Exp22DM08_inoc1_saisie_V2;Fichier total
Exp22DM08-Inoc1-T5-P21;7.0;1.0;7.0;1.0;3.0;7.0;a;2;Exp22DM08_inoc1_saisie_V2;Fichier total
Exp22DM08-Inoc1-T5-P21;7.0;1.0;7.0;1.0;5.0;7.0;b;2;Exp22DM08_inoc1_saisie_V2;Fichier total
Exp22DM08-Inoc1-T5-P21;7.0;1.0;7.0;1.0;3.0;7.0;c;2;Exp22DM08_inoc1_saisie_V2;Fichier total
Exp22DM08-Inoc1-T5-P21;7.0;1.0;7.0;1.0;5.0;5.0;a;3;Exp22DM08_inoc1_saisie_V2;Fichier total
Exp22DM08-Inoc1-T5-P21;7.0;1.0;7.0;1.0;3.0;5.0;b;3;Exp22DM08_inoc1_saisie_V2;Fichier total
Exp22DM08-Inoc1-T5-P21;7.0;1.0;7.0;1.0;3.0;5.0;c;3;Exp22DM08_inoc1_saisie_V2;Fichier total
Exp22DM08-Inoc1-T5-P21;7.0;1.0;7.0;1.0;7.0;9.0;a;4;Exp22DM08_inoc1_saisie_V2;Fichier total
Exp22DM08-Inoc1-T5-P21;3.0;1.0;5.0;1.0;7.0;5.0;b;4;Exp22DM08_inoc1_saisie_V2;Fichier total
Exp22DM08-Inoc1-T5-P21;5.0;1.0;5.0;0.0;;;c;4;Exp22DM08_inoc1_saisie_V2;Fichier total
Exp22DM08-Inoc1-T5-P22;7.0;1.0;5.0;0.0;;;a;1;Exp22DM08_inoc1_saisie_V2;Fichier total
Exp22DM08-Inoc1-T5-P22;5.0;1.0;3.0;0.0;;;b;1;Exp22DM08_inoc1_saisie_V2;Fichier total
Exp22DM08-Inoc1-T5-P22;1.0;1.0;5.0;0.0;;;c;1;Exp22DM08_inoc1_saisie_V2;Fichier total
Exp22DM08-Inoc1-T5-P22;7.0;1.0;7.0;1.0;9.0;7.0;a;2;Exp22DM08_inoc1_saisie_V2;Fichier total
Exp22DM08-Inoc1-T5-P22;7.0;1.0;7.0;1.0;7.0;7.0;b;2;Exp22DM08_inoc1_saisie_V2;Fichier total
Exp22DM08-Inoc1-T5-P22;7.0;1.0;7.0;1.0;7.0;7.0;c;2;Exp22DM08_inoc1_saisie_V2;Fichier total
Exp22DM08-Inoc1-T5-P22;9.0;0.0;;0.0;;;a;3;Exp22DM08_inoc1_saisie_V2;Fichier total
Exp22DM08-Inoc1-T5-P22;9.0;0.0;;0.0;;;b;3;Exp22DM08_inoc1_saisie_V2;Fichier total
Exp22DM08-Inoc1-T5-P22;9.0;0.0;;0.0;;;c;3;Exp22DM08_inoc1_saisie_V2;Fichier total
Exp22DM08-Inoc1-T5-P22;9.0;0.0;;1.0;7.0;3.0;a;4;Exp22DM08_inoc1_saisie_V2;Fichier total
Exp22DM08-Inoc1-T5-P22;9.0;0.0;;1.0;7.0;3.0;b;4;Exp22DM08_inoc1_saisie_V2;Fichier total
Exp22DM08-Inoc1-T5-P22;7.0;1.0;7.0;1.0;3.0;5.0;c;4;Exp22DM08_inoc1_saisie_V2;Fichier total
Exp22DM08-Inoc1-T5-P23;9.0;0.0;;1.0;9.0;7.0;a;1;Exp22DM08_inoc1_saisie_V2;Fichier total
Exp22DM08-Inoc1-T5-P23;9.0;0.0;;1.0;9.0;9.0;b;1;Exp22DM08_inoc1_saisie_V2;Fichier total
Exp22DM08-Inoc1-T5-P23;9.0;0.0;;0.0;;;c;1;Exp22DM08_inoc1_saisie_V2;Fichier total
Exp22DM08-Inoc1-T5-P23;7.0;1.0;7.0;1.0;7.0;5.0;a;2;Exp22DM08_inoc1_saisie_V2;Fichier total
Exp22DM08-Inoc1-T5-P23;7.0;1.0;7.0;1.0;7.0;5.0;b;2;Exp22DM08_inoc1_saisie_V2;Fichier total
Exp22DM08-Inoc1-T5-P23;7.0;1.0;7.0;1.0;7.0;5.0;c;2;Exp22DM08_inoc1_saisie_V2;Fichier total
Exp22DM08-Inoc1-T5-P23;7.0;1.0;9.0;1.0;7.0;7.0;a;3;Exp22DM08_inoc1_saisie_V2;Fichier total
Exp22DM08-Inoc1-T5-P23;5.0;1.0;7.0;0.0;;;b;3;Exp22DM08_inoc1_saisie_V2;Fichier total
Exp22DM08-Inoc1-T5-P23;5.0;1.0;7.0;0.0;;;c;3;Exp22DM08_inoc1_saisie_V2;Fichier total
Exp22DM08-Inoc1-T5-P23;9.0;0.0;;1.0;5.0;7.0;a;4;Exp22DM08_inoc1_saisie_V2;Fichier total
Exp22DM08-Inoc1-T5-P23;9.0;0.0;;1.0;5.0;7.0;b;4;Exp22DM08_inoc1_saisie_V2;Fichier total
Exp22DM08-Inoc1-T5-P23;7.0;1.0;9.0;1.0;5.0;7.0;c;4;Exp22DM08_inoc1_saisie_V2;Fichier total
Exp22DM08-Inoc1-T5-P24;5.0;1.0;7.0;0.0;;;a;1;Exp22DM08_inoc1_saisie_V2;Fichier total
Exp22DM08-Inoc1-T5-P24;5.0;1.0;7.0;0.0;;;b;1;Exp22DM08_inoc1_saisie_V2;Fichier total
Exp22DM08-Inoc1-T5-P24;5.0;1.0;7.0;0.0;;;c;1;Exp22DM08_inoc1_saisie_V2;Fichier total
Exp22DM08-Inoc1-T5-P24;7.0;1.0;7.0;1.0;7.0;7.0;a;2;Exp22DM08_inoc1_saisie_V2;Fichier total
Exp22DM08-Inoc1-T5-P24;7.0;1.0;9.0;1.0;7.0;7.0;b;2;Exp22DM08_inoc1_saisie_V2;Fichier total
Exp22DM08-Inoc1-T5-P24;5.0;1.0;7.0;0.0;;;c;2;Exp22DM08_inoc1_saisie_V2;Fichier total
Exp22DM08-Inoc1-T5-P24;7.0;1.0;9.0;1.0;5.0;5.0;a;3;Exp22DM08_inoc1_saisie_V2;Fichier total
Exp22DM08-Inoc1-T5-P24;7.0;1.0;9.0;1.0;5.0;5.0;b;3;Exp22DM08_inoc1_saisie_V2;Fichier total
Exp22DM08-Inoc1-T5-P24;7.0;1.0;9.0;1.0;3.0;7.0;c;3;Exp22DM08_inoc1_saisie_V2;Fichier total
Exp22DM08-Inoc1-T5-P24;7.0;1.0;7.0;1.0;7.0;7.0;a;4;Exp22DM08_inoc1_saisie_V2;Fichier total
Exp22DM08-Inoc1-T5-P24;5.0;1.0;7.0;1.0;5.0;5.0;b;4;Exp22DM08_inoc1_saisie_V2;Fichier total
Exp22DM08-Inoc1-T5-P24;5.0;1.0;7.0;1.0;5.0;5.0;c;4;Exp22DM08_inoc1_saisie_V2;Fichier total
Exp22DM08-Inoc1-T5-P25;7.0;1.0;7.0;1.0;5.0;7.0;a;1;Exp22DM08_inoc1_saisie_V2;Fichier total
Exp22DM08-Inoc1-T5-P25;7.0;1.0;7.0;1.0;5.0;7.0;b;1;Exp22DM08_inoc1_saisie_V2;Fichier total
Exp22DM08-Inoc1-T5-P25;7.0;1.0;7.0;1.0;5.0;7.0;c;1;Exp22DM08_inoc1_saisie_V2;Fichier total
Exp22DM08-Inoc1-T5-P25;5.0;1.0;5.0;1.0;7.0;7.0;a;2;Exp22DM08_inoc1_saisie_V2;Fichier total
Exp22DM08-Inoc1-T5-P25;5.0;1.0;7.0;1.0;7.0;7.0;b;2;Exp22DM08_inoc1_saisie_V2;Fichier total
Exp22DM08-Inoc1-T5-P25;5.0;1.0;7.0;1.0;7.0;7.0;c;2;Exp22DM08_inoc1_saisie_V2;Fichier total
Exp22DM08-Inoc1-T5-P25;7.0;1.0;7.0;1.0;7.0;9.0;a;3;Exp22DM08_inoc1_saisie_V2;Fichier total
Exp22DM08-Inoc1-T5-P25;7.0;1.0;7.0;1.0;7.0;9.0;b;3;Exp22DM08_inoc1_saisie_V2;Fichier total
Exp22DM08-Inoc1-T5-P25;7.0;1.0;7.0;1.0;7.0;9.0;c;3;Exp22DM08_inoc1_saisie_V2;Fichier total
Exp22DM08-Inoc1-T5-P25;5.0;1.0;7.0;1.0;5.0;5.0;a;4;Exp22DM08_inoc1_saisie_V2;Fichier total
Exp22DM08-Inoc1-T5-P25;7.0;1.0;7.0;1.0;7.0;5.0;b;4;Exp22DM08_inoc1_saisie_V2;Fichier total
Exp22DM08-Inoc1-T5-P25;5.0;1.0;7.0;1.0;7.0;7.0;c;4;Exp22DM08_inoc1_saisie_V2;Fichier total
Exp22DM08-Inoc1-T5-P26;9.0;0.0;;1.0;7.0;7.0;a;1;Exp22DM08_inoc1_saisie_V2;Fichier total
Exp22DM08-Inoc1-T5-P26;9.0;0.0;;1.0;5.0;7.0;b;1;Exp22DM08_inoc1_saisie_V2;Fichier total
Exp22DM08-Inoc1-T5-P26;9.0;0.0;;1.0;7.0;7.0;c;1;Exp22DM08_inoc1_saisie_V2;Fichier total
Exp22DM08-Inoc1-T5-P26;5.0;1.0;5.0;1.0;5.0;5.0;a;2;Exp22DM08_inoc1_saisie_V2;Fichier total
Exp22DM08-Inoc1-T5-P26;7.0;1.0;7.0;1.0;7.0;5.0;b;2;Exp22DM08_inoc1_saisie_V2;Fichier total
Exp22DM08-Inoc1-T5-P26;5.0;1.0;5.0;0.0;;;c;2;Exp22DM08_inoc1_saisie_V2;Fichier total
Exp22DM08-Inoc1-T5-P26;3.0;1.0;5.0;0.0;;;a;3;Exp22DM08_inoc1_saisie_V2;Fichier total
Exp22DM08-Inoc1-T5-P26;5.0;1.0;5.0;1.0;7.0;5.0;b;3;Exp22DM08_inoc1_saisie_V2;Fichier total
Exp22DM08-Inoc1-T5-P26;5.0;1.0;5.0;1.0;7.0;5.0;c;3;Exp22DM08_inoc1_saisie_V2;Fichier total
Exp22DM08-Inoc1-T5-P26;7.0;1.0;9.0;1.0;7.0;5.0;a;4;Exp22DM08_inoc1_saisie_V2;Fichier total
Exp22DM08-Inoc1-T5-P26;5.0;1.0;7.0;1.0;5.0;7.0;b;4;Exp22DM08_inoc1_saisie_V2;Fichier total
Exp22DM08-Inoc1-T5-P26;7.0;1.0;9.0;1.0;5.0;5.0;c;4;Exp22DM08_inoc1_saisie_V2;Fichier total
Exp22DM08-Inoc1-T5-P27;3.0;1.0;3.0;0.0;;;a;1;Exp22DM08_inoc1_saisie_V2;Fichier total
Exp22DM08-Inoc1-T5-P27;5.0;1.0;3.0;0.0;;;b;1;Exp22DM08_inoc1_saisie_V2;Fichier total
Exp22DM08-Inoc1-T5-P27;5.0;1.0;3.0;0.0;;;c;1;Exp22DM08_inoc1_saisie_V2;Fichier total
Exp22DM08-Inoc1-T5-P27;3.0;1.0;5.0;1.0;7.0;7.0;a;2;Exp22DM08_inoc1_saisie_V2;Fichier total
Exp22DM08-Inoc1-T5-P27;3.0;1.0;5.0;0.0;;;b;2;Exp22DM08_inoc1_saisie_V2;Fichier total
Exp22DM08-Inoc1-T5-P27;3.0;1.0;5.0;1.0;7.0;7.0;c;2;Exp22DM08_inoc1_saisie_V2;Fichier total
Exp22DM08-Inoc1-T5-P27;7.0;1.0;5.0;1.0;5.0;5.0;a;3;Exp22DM08_inoc1_saisie_V2;Fichier total
Exp22DM08-Inoc1-T5-P27;5.0;1.0;5.0;1.0;7.0;5.0;b;3;Exp22DM08_inoc1_saisie_V2;Fichier total
Exp22DM08-Inoc1-T5-P27;5.0;1.0;5.0;1.0;5.0;7.0;c;3;Exp22DM08_inoc1_saisie_V2;Fichier total
Exp22DM08-Inoc1-T5-P27;7.0;1.0;7.0;1.0;5.0;5.0;a;4;Exp22DM08_inoc1_saisie_V2;Fichier total
Exp22DM08-Inoc1-T5-P27;7.0;1.0;7.0;1.0;5.0;7.0;b;4;Exp22DM08_inoc1_saisie_V2;Fichier total
Exp22DM08-Inoc1-T5-P27;7.0;1.0;7.0;1.0;7.0;7.0;c;4;Exp22DM08_inoc1_saisie_V2;Fichier total
Exp22DM08-Inoc1-T5-P28;3.0;1.0;5.0;0.0;;;a;1;Exp22DM08_inoc1_saisie_V2;Fichier total
Exp22DM08-Inoc1-T5-P28;5.0;1.0;5.0;0.0;;;b;1;Exp22DM08_inoc1_saisie_V2;Fichier total
Exp22DM08-Inoc1-T5-P28;5.0;1.0;5.0;0.0;;;c;1;Exp22DM08_inoc1_saisie_V2;Fichier total
Exp22DM08-Inoc1-T5-P28;9.0;0.0;;1.0;9.0;7.0;a;2;Exp22DM08_inoc1_saisie_V2;Fichier total
Exp22DM08-Inoc1-T5-P28;9.0;0.0;;1.0;9.0;9.0;b;2;Exp22DM08_inoc1_saisie_V2;Fichier total
Exp22DM08-Inoc1-T5-P28;9.0;0.0;;1.0;9.0;9.0;c;2;Exp22DM08_inoc1_saisie_V2;Fichier total
Exp22DM08-Inoc1-T5-P28;3.0;1.0;3.0;0.0;;;a;3;Exp22DM08_inoc1_saisie_V2;Fichier total
Exp22DM08-Inoc1-T5-P28;1.0;1.0;3.0;0.0;;;b;3;Exp22DM08_inoc1_saisie_V2;Fichier total
Exp22DM08-Inoc1-T5-P28;3.0;1.0;3.0;0.0;;;c;3;Exp22DM08_inoc1_saisie_V2;Fichier total
Exp22DM08-Inoc1-T5-P28;3.0;1.0;3.0;0.0;;;a;4;Exp22DM08_inoc1_saisie_V2;Fichier total
Exp22DM08-Inoc1-T5-P28;3.0;1.0;3.0;0.0;;;b;4;Exp22DM08_inoc1_saisie_V2;Fichier total
Exp22DM08-Inoc1-T5-P28;5.0;1.0;3.0;0.0;;;c;4;Exp22DM08_inoc1_saisie_V2;Fichier total
Exp22DM08-Inoc1-T5-P29;7.0;1.0;9.0;1.0;5.0;7.0;a;1;Exp22DM08_inoc1_saisie_V2;Fichier total
Exp22DM08-Inoc1-T5-P29;9.0;0.0;;1.0;7.0;9.0;b;1;Exp22DM08_inoc1_saisie_V2;Fichier total
Exp22DM08-Inoc1-T5-P29;9.0;0.0;;1.0;7.0;9.0;c;1;Exp22DM08_inoc1_saisie_V2;Fichier total
Exp22DM08-Inoc1-T5-P29;3.0;1.0;5.0;1.0;5.0;7.0;a;2;Exp22DM08_inoc1_saisie_V2;Fichier total
Exp22DM08-Inoc1-T5-P29;3.0;1.0;5.0;1.0;9.0;7.0;b;2;Exp22DM08_inoc1_saisie_V2;Fichier total
Exp22DM08-Inoc1-T5-P29;5.0;1.0;5.0;1.0;9.0;9.0;c;2;Exp22DM08_inoc1_saisie_V2;Fichier total
Exp22DM08-Inoc1-T5-P31;3.0;1.0;5.0;0.0;;;a;1;Exp22DM08_inoc1_saisie_V2;Fichier total
Exp22DM08-Inoc1-T5-P31;3.0;1.0;7.0;1.0;9.0;7.0;b;1;Exp22DM08_inoc1_saisie_V2;Fichier total
Exp22DM08-Inoc1-T5-P31;3.0;1.0;7.0;1.0;9.0;9.0;c;1;Exp22DM08_inoc1_saisie_V2;Fichier total
Exp22DM08-Inoc1-T5-P31;7.0;1.0;5.0;0.0;;;a;2;Exp22DM08_inoc1_saisie_V2;Fichier total
Exp22DM08-Inoc1-T5-P31;7.0;1.0;5.0;0.0;;;b;2;Exp22DM08_inoc1_saisie_V2;Fichier total
Exp22DM08-Inoc1-T5-P31;5.0;1.0;5.0;0.0;;;c;2;Exp22DM08_inoc1_saisie_V2;Fichier total
Exp22DM08-Inoc1-T5-P31;7.0;1.0;5.0;0.0;;;a;3;Exp22DM08_inoc1_saisie_V2;Fichier total
Exp22DM08-Inoc1-T5-P31;5.0;1.0;5.0;1.0;5.0;7.0;b;3;Exp22DM08_inoc1_saisie_V2;Fichier total
Exp22DM08-Inoc1-T5-P31;5.0;1.0;5.0;1.0;5.0;7.0;c;3;Exp22DM08_inoc1_saisie_V2;Fichier total
Exp22DM08-Inoc1-T5-P31;7.0;1.0;9.0;1.0;7.0;9.0;a;4;Exp22DM08_inoc1_saisie_V2;Fichier total
Exp22DM08-Inoc1-T5-P31;7.0;1.0;9.0;1.0;5.0;9.0;b;4;Exp22DM08_inoc1_saisie_V2;Fichier total
Exp22DM08-Inoc1-T5-P31;7.0;1.0;9.0;1.0;5.0;9.0;c;4;Exp22DM08_inoc1_saisie_V2;Fichier total
Exp22DM08-Inoc1-T5-P32;9.0;0.0;;1.0;3.0;9.0;a;1;Exp22DM08_inoc1_saisie_V2;Fichier total
Exp22DM08-Inoc1-T5-P32;9.0;0.0;;1.0;5.0;9.0;b;1;Exp22DM08_inoc1_saisie_V2;Fichier total
Exp22DM08-Inoc1-T5-P32;9.0;0.0;;1.0;5.0;9.0;c;1;Exp22DM08_inoc1_saisie_V2;Fichier total
Exp22DM08-Inoc1-T5-P32;7.0;1.0;7.0;0.0;;;a;2;Exp22DM08_inoc1_saisie_V2;Fichier total
Exp22DM08-Inoc1-T5-P32;7.0;1.0;7.0;1.0;7.0;9.0;b;2;Exp22DM08_inoc1_saisie_V2;Fichier total
Exp22DM08-Inoc1-T5-P32;7.0;1.0;7.0;1.0;9.0;9.0;c;2;Exp22DM08_inoc1_saisie_V2;Fichier total
Exp22DM08-Inoc1-T5-P32;3.0;1.0;5.0;0.0;;;a;3;Exp22DM08_inoc1_saisie_V2;Fichier total
Exp22DM08-Inoc1-T5-P32;3.0;1.0;7.0;0.0;;;b;3;Exp22DM08_inoc1_saisie_V2;Fichier total
Exp22DM08-Inoc1-T5-P32;3.0;1.0;7.0;0.0;;;c;3;Exp22DM08_inoc1_saisie_V2;Fichier total
Exp22DM08-Inoc1-T5-P32;7.0;1.0;9.0;1.0;7.0;7.0;a;4;Exp22DM08_inoc1_saisie_V2;Fichier total
Exp22DM08-Inoc1-T5-P32;7.0;1.0;9.0;1.0;5.0;7.0;b;4;Exp22DM08_inoc1_saisie_V2;Fichier total
Exp22DM08-Inoc1-T5-P32;7.0;1.0;9.0;1.0;7.0;7.0;c;4;Exp22DM08_inoc1_saisie_V2;Fichier total
Exp22DM08-Inoc1-T5-P33;7.0;1.0;7.0;0.0;;;a;1;Exp22DM08_inoc1_saisie_V2;Fichier total
Exp22DM08-Inoc1-T5-P33;7.0;1.0;7.0;0.0;;;b;1;Exp22DM08_inoc1_saisie_V2;Fichier total
Exp22DM08-Inoc1-T5-P33;7.0;1.0;7.0;0.0;;;c;1;Exp22DM08_inoc1_saisie_V2;Fichier total
Exp22DM08-Inoc1-T5-P33;7.0;1.0;7.0;0.0;;;a;2;Exp22DM08_inoc1_saisie_V2;Fichier total
Exp22DM08-Inoc1-T5-P33;5.0;1.0;5.0;0.0;;;b;2;Exp22DM08_inoc1_saisie_V2;Fichier total
Exp22DM08-Inoc1-T5-P33;7.0;1.0;7.0;0.0;;;c;2;Exp22DM08_inoc1_saisie_V2;Fichier total
Exp22DM08-Inoc1-T5-P33;5.0;1.0;5.0;0.0;;;a;3;Exp22DM08_inoc1_saisie_V2;Fichier total
Exp22DM08-Inoc1-T5-P33;5.0;1.0;5.0;0.0;;;b;3;Exp22DM08_inoc1_saisie_V2;Fichier total
Exp22DM08-Inoc1-T5-P33;5.0;1.0;3.0;0.0;;;c;3;Exp22DM08_inoc1_saisie_V2;Fichier total
Exp22DM08-Inoc1-T5-P33;7.0;1.0;7.0;1.0;5.0;5.0;a;4;Exp22DM08_inoc1_saisie_V2;Fichier total
Exp22DM08-Inoc1-T5-P33;7.0;1.0;7.0;1.0;7.0;5.0;b;4;Exp22DM08_inoc1_saisie_V2;Fichier total
Exp22DM08-Inoc1-T5-P33;7.0;1.0;9.0;1.0;9.0;5.0;c;4;Exp22DM08_inoc1_saisie_V2;Fichier total
Exp22DM08-Inoc1-T5-P34;7.0;1.0;9.0;1.0;5.0;9.0;a;1;Exp22DM08_inoc1_saisie_V2;Fichier total
Exp22DM08-Inoc1-T5-P34;9.0;0.0;;1.0;5.0;9.0;b;1;Exp22DM08_inoc1_saisie_V2;Fichier total
Exp22DM08-Inoc1-T5-P34;9.0;0.0;;1.0;5.0;9.0;c;1;Exp22DM08_inoc1_saisie_V2;Fichier total
Exp22DM08-Inoc1-T5-P34;9.0;0.0;;1.0;5.0;9.0;a;2;Exp22DM08_inoc1_saisie_V2;Fichier total
Exp22DM08-Inoc1-T5-P34;9.0;0.0;;1.0;7.0;5.0;b;2;Exp22DM08_inoc1_saisie_V2;Fichier total
Exp22DM08-Inoc1-T5-P34;9.0;0.0;;1.0;5.0;9.0;c;2;Exp22DM08_inoc1_saisie_V2;Fichier total
Exp22DM08-Inoc1-T5-P34;5.0;1.0;5.0;0.0;;;a;3;Exp22DM08_inoc1_saisie_V2;Fichier total
Exp22DM08-Inoc1-T5-P34;7.0;1.0;5.0;0.0;;;b;3;Exp22DM08_inoc1_saisie_V2;Fichier total
Exp22DM08-Inoc1-T5-P34;5.0;1.0;5.0;0.0;;;c;3;Exp22DM08_inoc1_saisie_V2;Fichier total
Exp22DM08-Inoc1-T5-P34;3.0;1.0;5.0;0.0;;;a;4;Exp22DM08_inoc1_saisie_V2;Fichier total
Exp22DM08-Inoc1-T5-P34;3.0;1.0;5.0;0.0;;;b;4;Exp22DM08_inoc1_saisie_V2;Fichier total
Exp22DM08-Inoc1-T5-P34;3.0;1.0;5.0;0.0;;;c;4;Exp22DM08_inoc1_saisie_V2;Fichier total
Exp22DM08-Inoc1-T5-P35;1.0;1.0;5.0;0.0;;;a;1;Exp22DM08_inoc1_saisie_V2;Fichier total
Exp22DM08-Inoc1-T5-P35;3.0;1.0;5.0;0.0;;;b;1;Exp22DM08_inoc1_saisie_V2;Fichier total
Exp22DM08-Inoc1-T5-P35;1.0;1.0;5.0;0.0;;;c;1;Exp22DM08_inoc1_saisie_V2;Fichier total
Exp22DM08-Inoc1-T5-P35;7.0;1.0;7.0;1.0;5.0;5.0;a;2;Exp22DM08_inoc1_saisie_V2;Fichier total
Exp22DM08-Inoc1-T5-P35;7.0;1.0;7.0;1.0;7.0;5.0;b;2;Exp22DM08_inoc1_saisie_V2;Fichier total
Exp22DM08-Inoc1-T5-P35;7.0;1.0;7.0;1.0;5.0;5.0;c;2;Exp22DM08_inoc1_saisie_V2;Fichier total
Exp22DM08-Inoc1-T5-P35;5.0;1.0;7.0;1.0;9.0;7.0;a;3;Exp22DM08_inoc1_saisie_V2;Fichier total
Exp22DM08-Inoc1-T5-P35;3.0;1.0;7.0;1.0;7.0;9.0;b;3;Exp22DM08_inoc1_saisie_V2;Fichier total
Exp22DM08-Inoc1-T5-P35;3.0;1.0;5.0;1.0;9.0;9.0;c;3;Exp22DM08_inoc1_saisie_V2;Fichier total
Exp22DM08-Inoc1-T5-P35;5.0;1.0;3.0;0.0;;;a;4;Exp22DM08_inoc1_saisie_V2;Fichier total
Exp22DM08-Inoc1-T5-P35;7.0;1.0;5.0;0.0;;;b;4;Exp22DM08_inoc1_saisie_V2;Fichier total
Exp22DM08-Inoc1-T5-P35;7.0;1.0;5.0;0.0;;;c;4;Exp22DM08_inoc1_saisie_V2;Fichier total
Exp22DM08-Inoc1-T5-P36;7.0;1.0;7.0;1.0;5.0;7.0;a;1;Exp22DM08_inoc1_saisie_V2;Fichier total
Exp22DM08-Inoc1-T5-P36;7.0;1.0;7.0;1.0;5.0;7.0;b;1;Exp22DM08_inoc1_saisie_V2;Fichier total
Exp22DM08-Inoc1-T5-P36;7.0;1.0;7.0;1.0;5.0;7.0;c;1;Exp22DM08_inoc1_saisie_V2;Fichier total
Exp22DM08-Inoc1-T5-P36;9.0;0.0;;1.0;7.0;7.0;a;2;Exp22DM08_inoc1_saisie_V2;Fichier total
Exp22DM08-Inoc1-T5-P36;9.0;0.0;;1.0;9.0;9.0;b;2;Exp22DM08_inoc1_saisie_V2;Fichier total
Exp22DM08-Inoc1-T5-P36;9.0;0.0;;1.0;7.0;9.0;c;2;Exp22DM08_inoc1_saisie_V2;Fichier total
Exp22DM08-Inoc1-T5-P36;9.0;0.0;;1.0;5.0;9.0;a;3;Exp22DM08_inoc1_saisie_V2;Fichier total
Exp22DM08-Inoc1-T5-P36;9.0;0.0;;1.0;5.0;9.0;b;3;Exp22DM08_inoc1_saisie_V2;Fichier total
Exp22DM08-Inoc1-T5-P36;9.0;0.0;;1.0;5.0;9.0;c;3;Exp22DM08_inoc1_saisie_V2;Fichier total
Exp22DM08-Inoc1-T5-P36;3.0;1.0;3.0;0.0;;;a;4;Exp22DM08_inoc1_saisie_V2;Fichier total
Exp22DM08-Inoc1-T5-P36;3.0;1.0;3.0;0.0;;;b;4;Exp22DM08_inoc1_saisie_V2;Fichier total
Exp22DM08-Inoc1-T5-P36;3.0;1.0;3.0;0.0;;;c;4;Exp22DM08_inoc1_saisie_V2;Fichier total
Exp22DM08-Inoc1-T5-P37;5.0;1.0;7.0;0.0;;;a;1;Exp22DM08_inoc1_saisie_V2;Fichier total
Exp22DM08-Inoc1-T5-P37;7.0;1.0;7.0;1.0;7.0;7.0;b;1;Exp22DM08_inoc1_saisie_V2;Fichier total
Exp22DM08-Inoc1-T5-P37;7.0;1.0;7.0;1.0;9.0;7.0;c;1;Exp22DM08_inoc1_saisie_V2;Fichier total
Exp22DM08-Inoc1-T5-P37;5.0;1.0;5.0;0.0;;;a;2;Exp22DM08_inoc1_saisie_V2;Fichier total
Exp22DM08-Inoc1-T5-P37;5.0;1.0;5.0;0.0;;;b;2;Exp22DM08_inoc1_saisie_V2;Fichier total
Exp22DM08-Inoc1-T5-P37;3.0;1.0;5.0;0.0;;;c;2;Exp22DM08_inoc1_saisie_V2;Fichier total
Exp22DM08-Inoc1-T5-P37;7.0;1.0;7.0;1.0;7.0;5.0;a;3;Exp22DM08_inoc1_saisie_V2;Fichier total
Exp22DM08-Inoc1-T5-P37;7.0;1.0;7.0;1.0;5.0;5.0;b;3;Exp22DM08_inoc1_saisie_V2;Fichier total
Exp22DM08-Inoc1-T5-P37;7.0;1.0;7.0;1.0;9.0;5.0;c;3;Exp22DM08_inoc1_saisie_V2;Fichier total
Exp22DM08-Inoc1-T5-P37;5.0;1.0;5.0;0.0;;;a;4;Exp22DM08_inoc1_saisie_V2;Fichier total
Exp22DM08-Inoc1-T5-P37;5.0;1.0;5.0;0.0;;;b;4;Exp22DM08_inoc1_saisie_V2;Fichier total
Exp22DM08-Inoc1-T5-P37;5.0;1.0;5.0;0.0;;;c;4;Exp22DM08_inoc1_saisie_V2;Fichier total
Exp22DM08-Inoc1-T5-P38;3.0;1.0;3.0;0.0;;;a;1;Exp22DM08_inoc1_saisie_V2;Fichier total
Exp22DM08-Inoc1-T5-P38;3.0;1.0;3.0;0.0;;;b;1;Exp22DM08_inoc1_saisie_V2;Fichier total
Exp22DM08-Inoc1-T5-P38;3.0;1.0;3.0;0.0;;;c;1;Exp22DM08_inoc1_saisie_V2;Fichier total
Exp22DM08-Inoc1-T5-P38;5.0;1.0;3.0;0.0;;;a;2;Exp22DM08_inoc1_saisie_V2;Fichier total
Exp22DM08-Inoc1-T5-P38;5.0;1.0;3.0;0.0;;;b;2;Exp22DM08_inoc1_saisie_V2;Fichier total
Exp22DM08-Inoc1-T5-P38;3.0;1.0;3.0;0.0;;;c;2;Exp22DM08_inoc1_saisie_V2;Fichier total
Exp22DM08-Inoc1-T5-P38;3.0;1.0;3.0;0.0;;;a;3;Exp22DM08_inoc1_saisie_V2;Fichier total
Exp22DM08-Inoc1-T5-P38;3.0;1.0;3.0;0.0;;;b;3;Exp22DM08_inoc1_saisie_V2;Fichier total
Exp22DM08-Inoc1-T5-P38;3.0;1.0;3.0;0.0;;;c;3;Exp22DM08_inoc1_saisie_V2;Fichier total
Exp22DM08-Inoc1-T5-P38;9.0;0.0;;0.0;;;a;4;Exp22DM08_inoc1_saisie_V2;Fichier total
Exp22DM08-Inoc1-T5-P38;7.0;1.0;7.0;0.0;;;b;4;Exp22DM08_inoc1_saisie_V2;Fichier total
Exp22DM08-Inoc1-T5-P38;7.0;1.0;5.0;0.0;;;c;4;Exp22DM08_inoc1_saisie_V2;Fichier total
Exp22DM08-Inoc1-T5-P39;7.0;1.0;9.0;0.0;;;a;1;Exp22DM08_inoc1_saisie_V2;Fichier total
Exp22DM08-Inoc1-T5-P39;7.0;1.0;9.0;1.0;5.0;5.0;b;1;Exp22DM08_inoc1_saisie_V2;Fichier total
Exp22DM08-Inoc1-T5-P39;7.0;1.0;9.0;0.0;;;c;1;Exp22DM08_inoc1_saisie_V2;Fichier total
Exp22DM08-Inoc1-T5-P39;3.0;1.0;5.0;0.0;;;a;2;Exp22DM08_inoc1_saisie_V2;Fichier total
Exp22DM08-Inoc1-T5-P39;3.0;1.0;3.0;0.0;;;b;2;Exp22DM08_inoc1_saisie_V2;Fichier total
Exp22DM08-Inoc1-T5-P39;3.0;1.0;5.0;0.0;;;c;2;Exp22DM08_inoc1_saisie_V2;Fichier total
Exp22DM08-Inoc1-T5-P39;7.0;1.0;7.0;1.0;7.0;9.0;a;3;Exp22DM08_inoc1_saisie_V2;Fichier total
Exp22DM08-Inoc1-T5-P39;7.0;1.0;9.0;1.0;7.0;7.0;b;3;Exp22DM08_inoc1_saisie_V2;Fichier total
Exp22DM08-Inoc1-T5-P39;7.0;1.0;9.0;1.0;7.0;7.0;c;3;Exp22DM08_inoc1_saisie_V2;Fichier total
Exp22DM08-Inoc1-T5-P39;3.0;1.0;5.0;0.0;;;a;4;Exp22DM08_inoc1_saisie_V2;Fichier total
Exp22DM08-Inoc1-T5-P39;3.0;1.0;3.0;0.0;;;b;4;Exp22DM08_inoc1_saisie_V2;Fichier total
Exp22DM08-Inoc1-T5-P39;3.0;1.0;5.0;0.0;;;c;4;Exp22DM08_inoc1_saisie_V2;Fichier total
Exp22DM08-Inoc1-T5-P40;9.0;0.0;;1.0;7.0;5.0;a;1;Exp22DM08_inoc1_saisie_V2;Fichier total
Exp22DM08-Inoc1-T5-P40;7.0;1.0;7.0;1.0;7.0;5.0;b;1;Exp22DM08_inoc1_saisie_V2;Fichier total
Exp22DM08-Inoc1-T5-P40;7.0;1.0;7.0;1.0;7.0;5.0;c;1;Exp22DM08_inoc1_saisie_V2;Fichier total
Exp22DM08-Inoc1-T5-P40;9.0;0.0;;0.0;;;a;2;Exp22DM08_inoc1_saisie_V2;Fichier total
Exp22DM08-Inoc1-T5-P40;7.0;1.0;7.0;1.0;7.0;7.0;b;2;Exp22DM08_inoc1_saisie_V2;Fichier total
Exp22DM08-Inoc1-T5-P40;7.0;1.0;9.0;0.0;;;c;2;Exp22DM08_inoc1_saisie_V2;Fichier total
Exp22DM08-Inoc1-T5-P40;5.0;1.0;3.0;0.0;;;a;3;Exp22DM08_inoc1_saisie_V2;Fichier total
Exp22DM08-Inoc1-T5-P40;5.0;1.0;3.0;0.0;;;b;3;Exp22DM08_inoc1_saisie_V2;Fichier total
Exp22DM08-Inoc1-T5-P40;3.0;1.0;3.0;0.0;;;c;3;Exp22DM08_inoc1_saisie_V2;Fichier total
Exp22DM08-Inoc1-T5-P40;5.0;1.0;5.0;0.0;;;a;4;Exp22DM08_inoc1_saisie_V2;Fichier total
Exp22DM08-Inoc1-T5-P40;3.0;1.0;5.0;0.0;;;b;4;Exp22DM08_inoc1_saisie_V2;Fichier total
Exp22DM08-Inoc1-T5-P40;3.0;1.0;5.0;0.0;;;c;4;Exp22DM08_inoc1_saisie_V2;Fichier total
Exp22DM08-Inoc1-T5-P41;3.0;1.0;5.0;0.0;;;a;1;Exp22DM08_inoc1_saisie_V2;Fichier total
Exp22DM08-Inoc1-T5-P41;3.0;1.0;5.0;0.0;;;b;1;Exp22DM08_inoc1_saisie_V2;Fichier total
Exp22DM08-Inoc1-T5-P41;5.0;1.0;5.0;0.0;;;c;1;Exp22DM08_inoc1_saisie_V2;Fichier total
Exp22DM08-Inoc1-T5-P41;5.0;1.0;5.0;0.0;;;a;2;Exp22DM08_inoc1_saisie_V2;Fichier total
Exp22DM08-Inoc1-T5-P41;5.0;1.0;5.0;0.0;;;b;2;Exp22DM08_inoc1_saisie_V2;Fichier total
Exp22DM08-Inoc1-T5-P41;5.0;1.0;5.0;0.0;;;c;2;Exp22DM08_inoc1_saisie_V2;Fichier total
Exp22DM08-Inoc1-T5-P41;7.0;1.0;7.0;1.0;9.0;7.0;a;3;Exp22DM08_inoc1_saisie_V2;Fichier total
Exp22DM08-Inoc1-T5-P41;7.0;1.0;7.0;1.0;7.0;7.0;b;3;Exp22DM08_inoc1_saisie_V2;Fichier total
Exp22DM08-Inoc1-T5-P41;7.0;1.0;7.0;1.0;7.0;7.0;c;3;Exp22DM08_inoc1_saisie_V2;Fichier total
Exp22DM08-Inoc1-T5-P41;7.0;1.0;9.0;0.0;;;a;4;Exp22DM08_inoc1_saisie_V2;Fichier total
Exp22DM08-Inoc1-T5-P41;7.0;1.0;9.0;0.0;;;b;4;Exp22DM08_inoc1_saisie_V2;Fichier total
Exp22DM08-Inoc1-T5-P41;7.0;1.0;9.0;0.0;;;c;4;Exp22DM08_inoc1_saisie_V2;Fichier total
Exp22DM08-Inoc1-T5-P42;7.0;1.0;9.0;1.0;5.0;9.0;a;1;Exp22DM08_inoc1_saisie_V2;Fichier total
Exp22DM08-Inoc1-T5-P42;7.0;1.0;9.0;1.0;5.0;9.0;b;1;Exp22DM08_inoc1_saisie_V2;Fichier total
Exp22DM08-Inoc1-T5-P42;7.0;1.0;9.0;1.0;5.0;9.0;c;1;Exp22DM08_inoc1_saisie_V2;Fichier total
Exp22DM08-Inoc1-T5-P42;3.0;1.0;3.0;0.0;;;a;2;Exp22DM08_inoc1_saisie_V2;Fichier total
Exp22DM08-Inoc1-T5-P42;3.0;1.0;3.0;0.0;;;b;2;Exp22DM08_inoc1_saisie_V2;Fichier total
Exp22DM08-Inoc1-T5-P42;3.0;1.0;3.0;0.0;;;c;2;Exp22DM08_inoc1_saisie_V2;Fichier total
Exp22DM08-Inoc1-T5-P42;1.0;1.0;3.0;0.0;;;a;3;Exp22DM08_inoc1_saisie_V2;Fichier total
Exp22DM08-Inoc1-T5-P42;3.0;1.0;3.0;0.0;;;b;3;Exp22DM08_inoc1_saisie_V2;Fichier total
Exp22DM08-Inoc1-T5-P42;3.0;1.0;3.0;0.0;;;c;3;Exp22DM08_inoc1_saisie_V2;Fichier total
Exp22DM08-Inoc1-T5-P42;5.0;1.0;7.0;0.0;;;a;4;Exp22DM08_inoc1_saisie_V2;Fichier total
Exp22DM08-Inoc1-T5-P42;7.0;1.0;7.0;0.0;;;b;4;Exp22DM08_inoc1_saisie_V2;Fichier total
Exp22DM08-Inoc1-T5-P42;7.0;1.0;7.0;1.0;7.0;9.0;c;4;Exp22DM08_inoc1_saisie_V2;Fichier total
Exp22DM08-Inoc1-T5-P43;9.0;0.0;;1.0;7.0;7.0;a;1;Exp22DM08_inoc1_saisie_V2;Fichier total
Exp22DM08-Inoc1-T5-P43;9.0;0.0;;1.0;9.0;9.0;b;1;Exp22DM08_inoc1_saisie_V2;Fichier total
Exp22DM08-Inoc1-T5-P43;5.0;1.0;9.0;1.0;5.0;9.0;c;1;Exp22DM08_inoc1_saisie_V2;Fichier total
Exp22DM08-Inoc1-T5-P43;7.0;1.0;7.0;1.0;5.0;7.0;a;2;Exp22DM08_inoc1_saisie_V2;Fichier total
Exp22DM08-Inoc1-T5-P43;7.0;1.0;7.0;1.0;5.0;7.0;b;2;Exp22DM08_inoc1_saisie_V2;Fichier total
Exp22DM08-Inoc1-T5-P43;7.0;1.0;7.0;1.0;7.0;7.0;c;2;Exp22DM08_inoc1_saisie_V2;Fichier total
Exp22DM08-Inoc1-T5-P43;7.0;1.0;9.0;1.0;7.0;5.0;a;3;Exp22DM08_inoc1_saisie_V2;Fichier total
Exp22DM08-Inoc1-T5-P43;7.0;1.0;9.0;1.0;7.0;9.0;b;3;Exp22DM08_inoc1_saisie_V2;Fichier total
Exp22DM08-Inoc1-T5-P43;7.0;1.0;9.0;0.0;;;c;3;Exp22DM08_inoc1_saisie_V2;Fichier total
Exp22DM08-Inoc1-T5-P43;5.0;1.0;7.0;0.0;;;a;4;Exp22DM08_inoc1_saisie_V2;Fichier total
Exp22DM08-Inoc1-T5-P43;7.0;1.0;9.0;0.0;;;b;4;Exp22DM08_inoc1_saisie_V2;Fichier total
Exp22DM08-Inoc1-T5-P43;5.0;1.0;7.0;0.0;;;c;4;Exp22DM08_inoc1_saisie_V2;Fichier total
Exp22DM08-Inoc1-T5-P44;7.0;1.0;3.0;0.0;;;a;1;Exp22DM08_inoc1_saisie_V2;Fichier total
Exp22DM08-Inoc1-T5-P44;3.0;1.0;3.0;0.0;;;b;1;Exp22DM08_inoc1_saisie_V2;Fichier total
Exp22DM08-Inoc1-T5-P44;3.0;1.0;3.0;0.0;;;c;1;Exp22DM08_inoc1_saisie_V2;Fichier total
Exp22DM08-Inoc1-T5-P44;3.0;1.0;3.0;0.0;;;a;2;Exp22DM08_inoc1_saisie_V2;Fichier total
Exp22DM08-Inoc1-T5-P44;1.0;1.0;3.0;0.0;;;b;2;Exp22DM08_inoc1_saisie_V2;Fichier total
Exp22DM08-Inoc1-T5-P44;1.0;1.0;3.0;0.0;;;c;2;Exp22DM08_inoc1_saisie_V2;Fichier total
Exp22DM08-Inoc1-T5-P44;1.0;1.0;3.0;0.0;;;a;3;Exp22DM08_inoc1_saisie_V2;Fichier total
Exp22DM08-Inoc1-T5-P44;5.0;1.0;5.0;0.0;;;b;3;Exp22DM08_inoc1_saisie_V2;Fichier total
Exp22DM08-Inoc1-T5-P44;5.0;1.0;5.0;0.0;;;c;3;Exp22DM08_inoc1_saisie_V2;Fichier total
Exp22DM08-Inoc1-T5-P44;3.0;1.0;5.0;0.0;;;a;4;Exp22DM08_inoc1_saisie_V2;Fichier total
Exp22DM08-Inoc1-T5-P44;3.0;1.0;3.0;0.0;;;b;4;Exp22DM08_inoc1_saisie_V2;Fichier total
Exp22DM08-Inoc1-T5-P44;3.0;1.0;5.0;0.0;;;c;4;Exp22DM08_inoc1_saisie_V2;Fichier total
Exp22DM08-Inoc1-T5-P45;5.0;1.0;5.0;0.0;;;a;1;Exp22DM08_inoc1_saisie_V2;Fichier total
Exp22DM08-Inoc1-T5-P45;3.0;1.0;5.0;0.0;;;b;1;Exp22DM08_inoc1_saisie_V2;Fichier total
Exp22DM08-Inoc1-T5-P45;5.0;1.0;5.0;0.0;;;c;1;Exp22DM08_inoc1_saisie_V2;Fichier total
Exp22DM08-Inoc1-T5-P45;5.0;1.0;7.0;0.0;;;a;2;Exp22DM08_inoc1_saisie_V2;Fichier total
Exp22DM08-Inoc1-T5-P45;7.0;1.0;7.0;0.0;;;b;2;Exp22DM08_inoc1_saisie_V2;Fichier total
Exp22DM08-Inoc1-T5-P45;5.0;1.0;7.0;0.0;;;c;2;Exp22DM08_inoc1_saisie_V2;Fichier total
Exp22DM08-Inoc1-T5-P45;3.0;1.0;5.0;0.0;;;a;3;Exp22DM08_inoc1_saisie_V2;Fichier total
Exp22DM08-Inoc1-T5-P45;5.0;1.0;3.0;0.0;;;b;3;Exp22DM08_inoc1_saisie_V2;Fichier total
Exp22DM08-Inoc1-T5-P45;3.0;1.0;5.0;0.0;;;c;3;Exp22DM08_inoc1_saisie_V2;Fichier total
Exp22DM08-Inoc1-T5-P45;5.0;1.0;7.0;0.0;;;a;4;Exp22DM08_inoc1_saisie_V2;Fichier total
Exp22DM08-Inoc1-T5-P45;5.0;1.0;7.0;1.0;5.0;9.0;b;4;Exp22DM08_inoc1_saisie_V2;Fichier total
Exp22DM08-Inoc1-T5-P45;5.0;1.0;7.0;0.0;;;c;4;Exp22DM08_inoc1_saisie_V2;Fichier total
Exp22DM08-Inoc1-T5-P46;7.0;1.0;7.0;1.0;7.0;7.0;a;1;Exp22DM08_inoc1_saisie_V2;Fichier total
Exp22DM08-Inoc1-T5-P46;7.0;1.0;7.0;1.0;5.0;7.0;b;1;Exp22DM08_inoc1_saisie_V2;Fichier total
Exp22DM08-Inoc1-T5-P46;7.0;1.0;7.0;1.0;7.0;7.0;c;1;Exp22DM08_inoc1_saisie_V2;Fichier total
Exp22DM08-Inoc1-T5-P46;7.0;1.0;7.0;1.0;7.0;7.0;a;2;Exp22DM08_inoc1_saisie_V2;Fichier total
Exp22DM08-Inoc1-T5-P46;5.0;1.0;7.0;1.0;5.0;9.0;b;2;Exp22DM08_inoc1_saisie_V2;Fichier total
Exp22DM08-Inoc1-T5-P46;5.0;1.0;7.0;1.0;5.0;7.0;c;2;Exp22DM08_inoc1_saisie_V2;Fichier total
Exp22DM08-Inoc1-T5-P46;7.0;1.0;3.0;0.0;;;a;3;Exp22DM08_inoc1_saisie_V2;Fichier total
Exp22DM08-Inoc1-T5-P46;7.0;1.0;3.0;0.0;;;b;3;Exp22DM08_inoc1_saisie_V2;Fichier total
Exp22DM08-Inoc1-T5-P46;5.0;1.0;3.0;0.0;;;c;3;Exp22DM08_inoc1_saisie_V2;Fichier total
Exp22DM08-Inoc1-T5-P46;7.0;1.0;7.0;1.0;9.0;9.0;a;4;Exp22DM08_inoc1_saisie_V2;Fichier total
Exp22DM08-Inoc1-T5-P46;7.0;1.0;7.0;0.0;;;b;4;Exp22DM08_inoc1_saisie_V2;Fichier total
Exp22DM08-Inoc1-T5-P46;7.0;1.0;7.0;1.0;7.0;7.0;c;4;Exp22DM08_inoc1_saisie_V2;Fichier total
Exp22DM08-Inoc1-T5-P47;3.0;1.0;3.0;0.0;;;a;1;Exp22DM08_inoc1_saisie_V2;Fichier total
Exp22DM08-Inoc1-T5-P47;3.0;1.0;3.0;0.0;;;b;1;Exp22DM08_inoc1_saisie_V2;Fichier total
Exp22DM08-Inoc1-T5-P47;3.0;1.0;3.0;0.0;;;c;1;Exp22DM08_inoc1_saisie_V2;Fichier total
Exp22DM08-Inoc1-T5-P47;5.0;1.0;7.0;0.0;;;a;2;Exp22DM08_inoc1_saisie_V2;Fichier total
Exp22DM08-Inoc1-T5-P47;7.0;1.0;9.0;1.0;9.0;9.0;b;2;Exp22DM08_inoc1_saisie_V2;Fichier total
Exp22DM08-Inoc1-T5-P47;7.0;1.0;5.0;0.0;;;c;2;Exp22DM08_inoc1_saisie_V2;Fichier total
Exp22DM08-Inoc1-T5-P47;1.0;1.0;5.0;0.0;;;a;3;Exp22DM08_inoc1_saisie_V2;Fichier total
Exp22DM08-Inoc1-T5-P47;3.0;1.0;5.0;0.0;;;b;3;Exp22DM08_inoc1_saisie_V2;Fichier total
Exp22DM08-Inoc1-T5-P47;1.0;1.0;5.0;0.0;;;c;3;Exp22DM08_inoc1_saisie_V2;Fichier total
Exp22DM08-Inoc1-T5-P47;7.0;1.0;7.0;0.0;;;a;4;Exp22DM08_inoc1_saisie_V2;Fichier total
Exp22DM08-Inoc1-T5-P47;5.0;1.0;7.0;1.0;5.0;9.0;b;4;Exp22DM08_inoc1_saisie_V2;Fichier total
Exp22DM08-Inoc1-T5-P47;5.0;1.0;7.0;0.0;;;c;4;Exp22DM08_inoc1_saisie_V2;Fichier total
Exp22DM08-Inoc1-T5-P48;7.0;1.0;9.0;1.0;3.0;9.0;a;1;Exp22DM08_inoc1_saisie_V2;Fichier total
Exp22DM08-Inoc1-T5-P48;7.0;1.0;9.0;1.0;3.0;9.0;b;1;Exp22DM08_inoc1_saisie_V2;Fichier total
Exp22DM08-Inoc1-T5-P48;7.0;1.0;9.0;1.0;3.0;9.0;c;1;Exp22DM08_inoc1_saisie_V2;Fichier total
Exp22DM08-Inoc1-T5-P48;5.0;1.0;5.0;0.0;;;a;2;Exp22DM08_inoc1_saisie_V2;Fichier total
Exp22DM08-Inoc1-T5-P48;3.0;1.0;5.0;0.0;;;b;2;Exp22DM08_inoc1_saisie_V2;Fichier total
Exp22DM08-Inoc1-T5-P48;5.0;1.0;5.0;0.0;;;c;2;Exp22DM08_inoc1_saisie_V2;Fichier total
Exp22DM08-Inoc1-T5-P48;7.0;1.0;7.0;1.0;7.0;9.0;a;3;Exp22DM08_inoc1_saisie_V2;Fichier total
Exp22DM08-Inoc1-T5-P48;7.0;1.0;7.0;1.0;7.0;9.0;b;3;Exp22DM08_inoc1_saisie_V2;Fichier total
Exp22DM08-Inoc1-T5-P48;7.0;1.0;7.0;1.0;7.0;9.0;c;3;Exp22DM08_inoc1_saisie_V2;Fichier total
Exp22DM08-Inoc1-T5-P48;7.0;1.0;7.0;0.0;;;a;4;Exp22DM08_inoc1_saisie_V2;Fichier total
Exp22DM08-Inoc1-T5-P48;7.0;1.0;7.0;0.0;;;b;4;Exp22DM08_inoc1_saisie_V2;Fichier total
Exp22DM08-Inoc1-T5-P48;7.0;1.0;7.0;0.0;;;c;4;Exp22DM08_inoc1_saisie_V2;Fichier total
Exp22DM08-Inoc1-T5-P49;7.0;1.0;9.0;1.0;7.0;7.0;a;1;Exp22DM08_inoc1_saisie_V2;Fichier total
Exp22DM08-Inoc1-T5-P49;7.0;1.0;9.0;1.0;7.0;7.0;b;1;Exp22DM08_inoc1_saisie_V2;Fichier total
Exp22DM08-Inoc1-T5-P49;7.0;1.0;9.0;1.0;7.0;7.0;c;1;Exp22DM08_inoc1_saisie_V2;Fichier total
Exp22DM08-Inoc1-T5-P49;9.0;0.0;;1.0;5.0;5.0;a;2;Exp22DM08_inoc1_saisie_V2;Fichier total
Exp22DM08-Inoc1-T5-P49;9.0;0.0;;1.0;5.0;5.0;b;2;Exp22DM08_inoc1_saisie_V2;Fichier total
Exp22DM08-Inoc1-T5-P49;9.0;0.0;;1.0;7.0;5.0;c;2;Exp22DM08_inoc1_saisie_V2;Fichier total
Exp22DM08-Inoc1-T5-P49;5.0;1.0;7.0;1.0;7.0;9.0;a;3;Exp22DM08_inoc1_saisie_V2;Fichier total
Exp22DM08-Inoc1-T5-P49;5.0;1.0;7.0;1.0;7.0;9.0;b;3;Exp22DM08_inoc1_saisie_V2;Fichier total
Exp22DM08-Inoc1-T5-P49;5.0;1.0;7.0;1.0;7.0;9.0;c;3;Exp22DM08_inoc1_saisie_V2;Fichier total
Exp22DM08-Inoc1-T5-P49;7.0;1.0;7.0;1.0;7.0;7.0;a;4;Exp22DM08_inoc1_saisie_V2;Fichier total
Exp22DM08-Inoc1-T5-P49;7.0;1.0;7.0;1.0;7.0;5.0;b;4;Exp22DM08_inoc1_saisie_V2;Fichier total
Exp22DM08-Inoc1-T5-P49;7.0;1.0;7.0;0.0;;;c;4;Exp22DM08_inoc1_saisie_V2;Fichier total
Exp22DM08-Inoc1-T5-P50;5.0;1.0;5.0;0.0;;;a;1;Exp22DM08_inoc1_saisie_V2;Fichier total
Exp22DM08-Inoc1-T5-P50;5.0;1.0;5.0;0.0;;;b;1;Exp22DM08_inoc1_saisie_V2;Fichier total
Exp22DM08-Inoc1-T5-P50;3.0;1.0;5.0;0.0;;;c;1;Exp22DM08_inoc1_saisie_V2;Fichier total
Exp22DM08-Inoc1-T5-P50;5.0;1.0;5.0;0.0;;;a;2;Exp22DM08_inoc1_saisie_V2;Fichier total
Exp22DM08-Inoc1-T5-P50;5.0;1.0;5.0;1.0;7.0;7.0;b;2;Exp22DM08_inoc1_saisie_V2;Fichier total
Exp22DM08-Inoc1-T5-P50;5.0;1.0;5.0;1.0;7.0;7.0;c;2;Exp22DM08_inoc1_saisie_V2;Fichier total
Exp22DM08-Inoc1-T5-P50;3.0;1.0;3.0;0.0;;;a;3;Exp22DM08_inoc1_saisie_V2;Fichier total
Exp22DM08-Inoc1-T5-P50;3.0;1.0;3.0;0.0;;;b;3;Exp22DM08_inoc1_saisie_V2;Fichier total
Exp22DM08-Inoc1-T5-P50;3.0;1.0;3.0;0.0;;;c;3;Exp22DM08_inoc1_saisie_V2;Fichier total
Exp22DM08-Inoc1-T5-P50;9.0;0.0;;0.0;;;a;4;Exp22DM08_inoc1_saisie_V2;Fichier total
Exp22DM08-Inoc1-T5-P50;9.0;0.0;;0.0;;;b;4;Exp22DM08_inoc1_saisie_V2;Fichier total
Exp22DM08-Inoc1-T5-P50;9.0;0.0;;0.0;;;c;4;Exp22DM08_inoc1_saisie_V2;Fichier total
Exp22DM08-Inoc1-T5-P51;7.0;1.0;5.0;1.0;7.0;5.0;a;1;Exp22DM08_inoc1_saisie_V2;Fichier total
Exp22DM08-Inoc1-T5-P51;7.0;1.0;5.0;1.0;7.0;9.0;b;1;Exp22DM08_inoc1_saisie_V2;Fichier total
Exp22DM08-Inoc1-T5-P51;5.0;1.0;5.0;0.0;;;c;1;Exp22DM08_inoc1_saisie_V2;Fichier total
Exp22DM08-Inoc1-T5-P51;5.0;1.0;3.0;0.0;;;a;2;Exp22DM08_inoc1_saisie_V2;Fichier total
Exp22DM08-Inoc1-T5-P51;3.0;1.0;3.0;0.0;;;b;2;Exp22DM08_inoc1_saisie_V2;Fichier total
Exp22DM08-Inoc1-T5-P51;3.0;1.0;3.0;0.0;;;c;2;Exp22DM08_inoc1_saisie_V2;Fichier total
Exp22DM08-Inoc1-T5-P51;7.0;1.0;7.0;1.0;5.0;5.0;a;3;Exp22DM08_inoc1_saisie_V2;Fichier total
Exp22DM08-Inoc1-T5-P51;7.0;1.0;7.0;1.0;5.0;7.0;b;3;Exp22DM08_inoc1_saisie_V2;Fichier total
Exp22DM08-Inoc1-T5-P51;7.0;1.0;7.0;1.0;5.0;7.0;c;3;Exp22DM08_inoc1_saisie_V2;Fichier total
Exp22DM08-Inoc1-T5-P51;7.0;1.0;3.0;0.0;;;a;4;Exp22DM08_inoc1_saisie_V2;Fichier total
Exp22DM08-Inoc1-T5-P51;3.0;1.0;5.0;0.0;;;b;4;Exp22DM08_inoc1_saisie_V2;Fichier total
Exp22DM08-Inoc1-T5-P51;5.0;1.0;5.0;0.0;;;c;4;Exp22DM08_inoc1_saisie_V2;Fichier total
Exp22DM08-Inoc1-T5-P52;1.0;1.0;3.0;0.0;;;a;1;Exp22DM08_inoc1_saisie_V2;Fichier total
Exp22DM08-Inoc1-T5-P52;3.0;1.0;3.0;0.0;;;b;1;Exp22DM08_inoc1_saisie_V2;Fichier total
Exp22DM08-Inoc1-T5-P52;1.0;1.0;3.0;0.0;;;c;1;Exp22DM08_inoc1_saisie_V2;Fichier total
Exp22DM08-Inoc1-T5-P52;7.0;1.0;7.0;0.0;;;a;2;Exp22DM08_inoc1_saisie_V2;Fichier total
Exp22DM08-Inoc1-T5-P52;7.0;1.0;7.0;1.0;7.0;7.0;b;2;Exp22DM08_inoc1_saisie_V2;Fichier total
Exp22DM08-Inoc1-T5-P52;7.0;1.0;7.0;0.0;;;c;2;Exp22DM08_inoc1_saisie_V2;Fichier total
Exp22DM08-Inoc1-T5-P52;7.0;1.0;9.0;0.0;;;a;3;Exp22DM08_inoc1_saisie_V2;Fichier total
Exp22DM08-Inoc1-T5-P52;7.0;1.0;7.0;0.0;;;b;3;Exp22DM08_inoc1_saisie_V2;Fichier total
Exp22DM08-Inoc1-T5-P52;7.0;1.0;9.0;0.0;;;c;3;Exp22DM08_inoc1_saisie_V2;Fichier total
Exp22DM08-Inoc1-T5-P52;7.0;1.0;9.0;1.0;7.0;7.0;a;4;Exp22DM08_inoc1_saisie_V2;Fichier total
Exp22DM08-Inoc1-T5-P52;7.0;1.0;9.0;1.0;7.0;7.0;b;4;Exp22DM08_inoc1_saisie_V2;Fichier total
Exp22DM08-Inoc1-T5-P52;7.0;1.0;9.0;1.0;7.0;7.0;c;4;Exp22DM08_inoc1_saisie_V2;Fichier total
Exp22DM08-Inoc1-T5-P53;9.0;0.0;;1.0;9.0;7.0;a;1;Exp22DM08_inoc1_saisie_V2;Fichier total
Exp22DM08-Inoc1-T5-P53;9.0;0.0;;1.0;9.0;5.0;b;1;Exp22DM08_inoc1_saisie_V2;Fichier total
Exp22DM08-Inoc1-T5-P53;7.0;1.0;9.0;1.0;9.0;5.0;c;1;Exp22DM08_inoc1_saisie_V2;Fichier total
Exp22DM08-Inoc1-T5-P53;7.0;1.0;5.0;0.0;;;a;2;Exp22DM08_inoc1_saisie_V2;Fichier total
Exp22DM08-Inoc1-T5-P53;7.0;1.0;7.0;1.0;7.0;5.0;b;2;Exp22DM08_inoc1_saisie_V2;Fichier total
Exp22DM08-Inoc1-T5-P53;7.0;1.0;7.0;1.0;7.0;5.0;c;2;Exp22DM08_inoc1_saisie_V2;Fichier total
Exp22DM08-Inoc1-T5-P53;7.0;1.0;9.0;0.0;;;a;3;Exp22DM08_inoc1_saisie_V2;Fichier total
Exp22DM08-Inoc1-T5-P53;5.0;1.0;7.0;0.0;;;b;3;Exp22DM08_inoc1_saisie_V2;Fichier total
Exp22DM08-Inoc1-T5-P53;5.0;1.0;7.0;0.0;;;c;3;Exp22DM08_inoc1_saisie_V2;Fichier total
Exp22DM08-Inoc1-T5-P53;5.0;1.0;7.0;1.0;7.0;7.0;a;4;Exp22DM08_inoc1_saisie_V2;Fichier total
Exp22DM08-Inoc1-T5-P53;5.0;1.0;7.0;1.0;7.0;7.0;b;4;Exp22DM08_inoc1_saisie_V2;Fichier total
Exp22DM08-Inoc1-T5-P53;5.0;1.0;7.0;1.0;7.0;7.0;c;4;Exp22DM08_inoc1_saisie_V2;Fichier total
Exp22DM08-Inoc1-T5-P54;5.0;1.0;5.0;0.0;;;a;1;Exp22DM08_inoc1_saisie_V2;Fichier total
Exp22DM08-Inoc1-T5-P54;5.0;1.0;5.0;0.0;;;b;1;Exp22DM08_inoc1_saisie_V2;Fichier total
Exp22DM08-Inoc1-T5-P54;3.0;1.0;5.0;0.0;;;c;1;Exp22DM08_inoc1_saisie_V2;Fichier total
Exp22DM08-Inoc1-T5-P54;7.0;1.0;7.0;1.0;7.0;7.0;a;2;Exp22DM08_inoc1_saisie_V2;Fichier total
Exp22DM08-Inoc1-T5-P54;7.0;1.0;7.0;1.0;9.0;7.0;b;2;Exp22DM08_inoc1_saisie_V2;Fichier total
Exp22DM08-Inoc1-T5-P54;5.0;1.0;7.0;1.0;9.0;9.0;c;2;Exp22DM08_inoc1_saisie_V2;Fichier total
Exp22DM08-Inoc1-T5-P54;3.0;1.0;5.0;1.0;3.0;3.0;a;3;Exp22DM08_inoc1_saisie_V2;Fichier total
Exp22DM08-Inoc1-T5-P54;3.0;1.0;3.0;1.0;5.0;3.0;b;3;Exp22DM08_inoc1_saisie_V2;Fichier total
Exp22DM08-Inoc1-T5-P54;3.0;1.0;3.0;1.0;5.0;3.0;c;3;Exp22DM08_inoc1_saisie_V2;Fichier total
Exp22DM08-Inoc1-T5-P54;7.0;1.0;7.0;0.0;;;a;4;Exp22DM08_inoc1_saisie_V2;Fichier total
Exp22DM08-Inoc1-T5-P54;5.0;1.0;7.0;0.0;;;b;4;Exp22DM08_inoc1_saisie_V2;Fichier total
Exp22DM08-Inoc1-T5-P54;5.0;1.0;7.0;0.0;;;c;4;Exp22DM08_inoc1_saisie_V2;Fichier total
Exp22DM08-Inoc1-T5-P55;3.0;1.0;5.0;0.0;;;a;1;Exp22DM08_inoc1_saisie_V2;Fichier total
Exp22DM08-Inoc1-T5-P55;3.0;1.0;5.0;0.0;;;b;1;Exp22DM08_inoc1_saisie_V2;Fichier total
Exp22DM08-Inoc1-T5-P55;3.0;1.0;3.0;0.0;;;c;1;Exp22DM08_inoc1_saisie_V2;Fichier total
Exp22DM08-Inoc1-T5-P55;5.0;1.0;7.0;0.0;;;a;2;Exp22DM08_inoc1_saisie_V2;Fichier total
Exp22DM08-Inoc1-T5-P55;5.0;1.0;7.0;0.0;;;b;2;Exp22DM08_inoc1_saisie_V2;Fichier total
Exp22DM08-Inoc1-T5-P55;5.0;1.0;7.0;0.0;;;c;2;Exp22DM08_inoc1_saisie_V2;Fichier total
Exp22DM08-Inoc1-T5-P55;7.0;1.0;7.0;0.0;;;a;3;Exp22DM08_inoc1_saisie_V2;Fichier total
Exp22DM08-Inoc1-T5-P55;7.0;1.0;7.0;0.0;;;b;3;Exp22DM08_inoc1_saisie_V2;Fichier total
Exp22DM08-Inoc1-T5-P55;7.0;1.0;9.0;0.0;;;c;3;Exp22DM08_inoc1_saisie_V2;Fichier total
Exp22DM08-Inoc1-T5-P55;7.0;1.0;7.0;1.0;9.0;9.0;a;4;Exp22DM08_inoc1_saisie_V2;Fichier total
Exp22DM08-Inoc1-T5-P55;7.0;1.0;7.0;1.0;9.0;9.0;b;4;Exp22DM08_inoc1_saisie_V2;Fichier total
Exp22DM08-Inoc1-T5-P55;7.0;1.0;7.0;1.0;9.0;9.0;c;4;Exp22DM08_inoc1_saisie_V2;Fichier total
Exp22DM08-Inoc1-T5-P56;5.0;1.0;5.0;0.0;;;a;1;Exp22DM08_inoc1_saisie_V2;Fichier total
Exp22DM08-Inoc1-T5-P56;7.0;1.0;3.0;0.0;;;b;1;Exp22DM08_inoc1_saisie_V2;Fichier total
Exp22DM08-Inoc1-T5-P56;3.0;1.0;5.0;0.0;;;c;1;Exp22DM08_inoc1_saisie_V2;Fichier total
Exp22DM08-Inoc1-T5-P56;5.0;1.0;7.0;0.0;;;a;2;Exp22DM08_inoc1_saisie_V2;Fichier total
Exp22DM08-Inoc1-T5-P56;5.0;1.0;7.0;0.0;;;b;2;Exp22DM08_inoc1_saisie_V2;Fichier total
Exp22DM08-Inoc1-T5-P56;5.0;1.0;5.0;0.0;;;c;2;Exp22DM08_inoc1_saisie_V2;Fichier total
Exp22DM08-Inoc1-T5-P56;5.0;1.0;5.0;0.0;;;a;3;Exp22DM08_inoc1_saisie_V2;Fichier total
Exp22DM08-Inoc1-T5-P56;7.0;1.0;5.0;1.0;7.0;7.0;b;3;Exp22DM08_inoc1_saisie_V2;Fichier total
Exp22DM08-Inoc1-T5-P56;5.0;1.0;3.0;0.0;;;c;3;Exp22DM08_inoc1_saisie_V2;Fichier total
Exp22DM08-Inoc1-T5-P56;5.0;1.0;7.0;1.0;7.0;7.0;a;4;Exp22DM08_inoc1_saisie_V2;Fichier total
Exp22DM08-Inoc1-T5-P56;7.0;1.0;7.0;1.0;5.0;5.0;b;4;Exp22DM08_inoc1_saisie_V2;Fichier total
Exp22DM08-Inoc1-T5-P56;5.0;1.0;7.0;1.0;7.0;7.0;c;4;Exp22DM08_inoc1_saisie_V2;Fichier total
Exp22DM08-Inoc1-T5-P57;5.0;1.0;5.0;0.0;;;a;1;Exp22DM08_inoc1_saisie_V2;Fichier total
Exp22DM08-Inoc1-T5-P57;5.0;1.0;5.0;0.0;;;b;1;Exp22DM08_inoc1_saisie_V2;Fichier total
Exp22DM08-Inoc1-T5-P57;5.0;1.0;5.0;0.0;;;c;1;Exp22DM08_inoc1_saisie_V2;Fichier total
Exp22DM08-Inoc1-T5-P57;3.0;1.0;5.0;0.0;;;a;2;Exp22DM08_inoc1_saisie_V2;Fichier total
Exp22DM08-Inoc1-T5-P57;5.0;1.0;5.0;0.0;;;b;2;Exp22DM08_inoc1_saisie_V2;Fichier total
Exp22DM08-Inoc1-T5-P57;3.0;1.0;5.0;0.0;;;c;2;Exp22DM08_inoc1_saisie_V2;Fichier total
Exp22DM08-Inoc1-T5-P57;5.0;1.0;5.0;0.0;;;a;3;Exp22DM08_inoc1_saisie_V2;Fichier total
Exp22DM08-Inoc1-T5-P57;5.0;1.0;5.0;1.0;7.0;7.0;b;3;Exp22DM08_inoc1_saisie_V2;Fichier total
Exp22DM08-Inoc1-T5-P57;5.0;1.0;3.0;0.0;;;c;3;Exp22DM08_inoc1_saisie_V2;Fichier total
Exp22DM08-Inoc1-T5-P57;7.0;1.0;9.0;1.0;7.0;5.0;a;4;Exp22DM08_inoc1_saisie_V2;Fichier total
Exp22DM08-Inoc1-T5-P57;7.0;1.0;9.0;1.0;7.0;5.0;b;4;Exp22DM08_inoc1_saisie_V2;Fichier total
Exp22DM08-Inoc1-T5-P57;7.0;1.0;9.0;1.0;9.0;7.0;c;4;Exp22DM08_inoc1_saisie_V2;Fichier total
Exp22DM08-Inoc1-T5-P58;5.0;1.0;5.0;0.0;;;a;1;Exp22DM08_inoc1_saisie_V2;Fichier total
Exp22DM08-Inoc1-T5-P58;3.0;1.0;5.0;0.0;;;b;1;Exp22DM08_inoc1_saisie_V2;Fichier total
Exp22DM08-Inoc1-T5-P58;5.0;1.0;5.0;0.0;;;c;1;Exp22DM08_inoc1_saisie_V2;Fichier total
Exp22DM08-Inoc1-T5-P58;9.0;0.0;;0.0;;;a;2;Exp22DM08_inoc1_saisie_V2;Fichier total
Exp22DM08-Inoc1-T5-P58;9.0;0.0;;1.0;7.0;9.0;b;2;Exp22DM08_inoc1_saisie_V2;Fichier total
Exp22DM08-Inoc1-T5-P58;9.0;0.0;;0.0;;;c;2;Exp22DM08_inoc1_saisie_V2;Fichier total
Exp22DM08-Inoc1-T5-P58;3.0;1.0;3.0;0.0;;;a;3;Exp22DM08_inoc1_saisie_V2;Fichier total
Exp22DM08-Inoc1-T5-P58;3.0;1.0;3.0;0.0;;;b;3;Exp22DM08_inoc1_saisie_V2;Fichier total
Exp22DM08-Inoc1-T5-P58;3.0;1.0;3.0;0.0;;;c;3;Exp22DM08_inoc1_saisie_V2;Fichier total
Exp22DM08-Inoc1-T5-P58;3.0;1.0;3.0;0.0;;;a;4;Exp22DM08_inoc1_saisie_V2;Fichier total
Exp22DM08-Inoc1-T5-P58;5.0;1.0;3.0;0.0;;;b;4;Exp22DM08_inoc1_saisie_V2;Fichier total
Exp22DM08-Inoc1-T5-P58;3.0;1.0;3.0;0.0;;;c;4;Exp22DM08_inoc1_saisie_V2;Fichier total
Exp22DM08-Inoc1-T5-P59;9.0;0.0;;1.0;7.0;9.0;a;1;Exp22DM08_inoc1_saisie_V2;Fichier total
Exp22DM08-Inoc1-T5-P59;9.0;0.0;;1.0;7.0;9.0;b;1;Exp22DM08_inoc1_saisie_V2;Fichier total
Exp22DM08-Inoc1-T5-P59;9.0;0.0;;1.0;9.0;9.0;c;1;Exp22DM08_inoc1_saisie_V2;Fichier total
Exp22DM08-Inoc1-T5-P59;3.0;1.0;5.0;0.0;;;a;2;Exp22DM08_inoc1_saisie_V2;Fichier total
Exp22DM08-Inoc1-T5-P59;3.0;1.0;5.0;0.0;;;b;2;Exp22DM08_inoc1_saisie_V2;Fichier total
Exp22DM08-Inoc1-T5-P59;5.0;1.0;5.0;0.0;;;c;2;Exp22DM08_inoc1_saisie_V2;Fichier total
Exp22DM08-Inoc1-T5-P60;1.0;1.0;5.0;0.0;;;a;1;Exp22DM08_inoc1_saisie_V2;Fichier total
Exp22DM08-Inoc1-T5-P60;1.0;1.0;5.0;0.0;;;b;1;Exp22DM08_inoc1_saisie_V2;Fichier total
Exp22DM08-Inoc1-T5-P60;3.0;1.0;5.0;0.0;;;c;1;Exp22DM08_inoc1_saisie_V2;Fichier total
Exp22DM08-Inoc1-T5-P60;3.0;1.0;5.0;0.0;;;a;2;Exp22DM08_inoc1_saisie_V2;Fichier total
Exp22DM08-Inoc1-T5-P60;3.0;1.0;5.0;0.0;;;b;2;Exp22DM08_inoc1_saisie_V2;Fichier total
Exp22DM08-Inoc1-T5-P60;3.0;1.0;5.0;0.0;;;c;2;Exp22DM08_inoc1_saisie_V2;Fichier total
Exp22DM08-Inoc1-T5-P60;5.0;1.0;5.0;0.0;;;a;3;Exp22DM08_inoc1_saisie_V2;Fichier total
Exp22DM08-Inoc1-T5-P60;5.0;1.0;5.0;0.0;;;b;3;Exp22DM08_inoc1_saisie_V2;Fichier total
Exp22DM08-Inoc1-T5-P60;5.0;1.0;5.0;0.0;;;c;3;Exp22DM08_inoc1_saisie_V2;Fichier total
Exp22DM08-Inoc1-T5-P60;9.0;0.0;;1.0;7.0;9.0;a;4;Exp22DM08_inoc1_saisie_V2;Fichier total
Exp22DM08-Inoc1-T5-P60;9.0;0.0;;1.0;5.0;9.0;b;4;Exp22DM08_inoc1_saisie_V2;Fichier total
Exp22DM08-Inoc1-T5-P60;9.0;0.0;;1.0;5.0;9.0;c;4;Exp22DM08_inoc1_saisie_V2;Fichier total
Exp22DM08-Inoc1-T5-P61;9.0;0.0;;1.0;5.0;9.0;a;1;Exp22DM08_inoc1_saisie_V2;Fichier total
Exp22DM08-Inoc1-T5-P61;9.0;0.0;;1.0;5.0;9.0;b;1;Exp22DM08_inoc1_saisie_V2;Fichier total
Exp22DM08-Inoc1-T5-P61;9.0;0.0;;1.0;5.0;9.0;c;1;Exp22DM08_inoc1_saisie_V2;Fichier total
Exp22DM08-Inoc1-T5-P61;9.0;0.0;;1.0;9.0;9.0;a;2;Exp22DM08_inoc1_saisie_V2;Fichier total
Exp22DM08-Inoc1-T5-P61;7.0;1.0;7.0;1.0;7.0;9.0;b;2;Exp22DM08_inoc1_saisie_V2;Fichier total
Exp22DM08-Inoc1-T5-P61;7.0;1.0;7.0;1.0;9.0;7.0;c;2;Exp22DM08_inoc1_saisie_V2;Fichier total
Exp22DM08-Inoc1-T5-P61;3.0;1.0;7.0;0.0;;;a;3;Exp22DM08_inoc1_saisie_V2;Fichier total
Exp22DM08-Inoc1-T5-P61;3.0;1.0;7.0;0.0;;;b;3;Exp22DM08_inoc1_saisie_V2;Fichier total
Exp22DM08-Inoc1-T5-P61;3.0;1.0;7.0;0.0;;;c;3;Exp22DM08_inoc1_saisie_V2;Fichier total
Exp22DM08-Inoc1-T5-P61;5.0;1.0;5.0;1.0;5.0;1.0;a;4;Exp22DM08_inoc1_saisie_V2;Fichier total
Exp22DM08-Inoc1-T5-P61;3.0;1.0;5.0;1.0;3.0;1.0;b;4;Exp22DM08_inoc1_saisie_V2;Fichier total
Exp22DM08-Inoc1-T5-P61;5.0;1.0;5.0;1.0;3.0;1.0;c;4;Exp22DM08_inoc1_saisie_V2;Fichier total
Exp22DM08-Inoc1-T5-P62;5.0;1.0;5.0;1.0;5.0;3.0;a;1;Exp22DM08_inoc1_saisie_V2;Fichier total
Exp22DM08-Inoc1-T5-P62;5.0;1.0;5.0;1.0;5.0;3.0;b;1;Exp22DM08_inoc1_saisie_V2;Fichier total
Exp22DM08-Inoc1-T5-P62;5.0;1.0;5.0;1.0;5.0;3.0;c;1;Exp22DM08_inoc1_saisie_V2;Fichier total
Exp22DM08-Inoc1-T5-P62;3.0;1.0;3.0;1.0;9.0;9.0;a;2;Exp22DM08_inoc1_saisie_V2;Fichier total
Exp22DM08-Inoc1-T5-P62;1.0;1.0;3.0;0.0;;;b;2;Exp22DM08_inoc1_saisie_V2;Fichier total
Exp22DM08-Inoc1-T5-P62;1.0;1.0;3.0;0.0;;;c;2;Exp22DM08_inoc1_saisie_V2;Fichier total
Exp22DM08-Inoc1-T5-P62;3.0;1.0;3.0;0.0;;;a;3;Exp22DM08_inoc1_saisie_V2;Fichier total
Exp22DM08-Inoc1-T5-P62;3.0;1.0;3.0;0.0;;;b;3;Exp22DM08_inoc1_saisie_V2;Fichier total
Exp22DM08-Inoc1-T5-P62;3.0;1.0;3.0;0.0;;;c;3;Exp22DM08_inoc1_saisie_V2;Fichier total
Exp22DM08-Inoc1-T5-P62;7.0;1.0;7.0;1.0;5.0;7.0;a;4;Exp22DM08_inoc1_saisie_V2;Fichier total
Exp22DM08-Inoc1-T5-P62;7.0;1.0;7.0;1.0;5.0;7.0;b;4;Exp22DM08_inoc1_saisie_V2;Fichier total
Exp22DM08-Inoc1-T5-P62;7.0;1.0;5.0;1.0;5.0;7.0;c;4;Exp22DM08_inoc1_saisie_V2;Fichier total
Exp22DM08-Inoc1-T5-P63;7.0;1.0;9.0;1.0;7.0;9.0;a;1;Exp22DM08_inoc1_saisie_V2;Fichier total
Exp22DM08-Inoc1-T5-P63;9.0;0.0;;1.0;5.0;9.0;b;1;Exp22DM08_inoc1_saisie_V2;Fichier total
Exp22DM08-Inoc1-T5-P63;7.0;1.0;9.0;1.0;5.0;9.0;c;1;Exp22DM08_inoc1_saisie_V2;Fichier total
Exp22DM08-Inoc1-T5-P63;9.0;0.0;;1.0;7.0;9.0;a;2;Exp22DM08_inoc1_saisie_V2;Fichier total
Exp22DM08-Inoc1-T5-P63;9.0;0.0;;1.0;7.0;9.0;b;2;Exp22DM08_inoc1_saisie_V2;Fichier total
Exp22DM08-Inoc1-T5-P63;9.0;0.0;;1.0;7.0;9.0;c;2;Exp22DM08_inoc1_saisie_V2;Fichier total
Exp22DM08-Inoc1-T5-P63;3.0;1.0;5.0;0.0;;;a;3;Exp22DM08_inoc1_saisie_V2;Fichier total
Exp22DM08-Inoc1-T5-P63;3.0;1.0;5.0;0.0;;;b;3;Exp22DM08_inoc1_saisie_V2;Fichier total
Exp22DM08-Inoc1-T5-P63;3.0;1.0;5.0;0.0;;;c;3;Exp22DM08_inoc1_saisie_V2;Fichier total
Exp22DM08-Inoc1-T5-P63;3.0;1.0;5.0;0.0;;;a;4;Exp22DM08_inoc1_saisie_V2;Fichier total
Exp22DM08-Inoc1-T5-P63;1.0;1.0;5.0;0.0;;;b;4;Exp22DM08_inoc1_saisie_V2;Fichier total
Exp22DM08-Inoc1-T5-P63;3.0;1.0;5.0;0.0;;;c;4;Exp22DM08_inoc1_saisie_V2;Fichier total
Exp22DM08-Inoc1-T5-P64;3.0;1.0;5.0;0.0;;;a;1;Exp22DM08_inoc1_saisie_V2;Fichier total
Exp22DM08-Inoc1-T5-P64;1.0;1.0;5.0;0.0;;;b;1;Exp22DM08_inoc1_saisie_V2;Fichier total
Exp22DM08-Inoc1-T5-P64;3.0;1.0;5.0;0.0;;;c;1;Exp22DM08_inoc1_saisie_V2;Fichier total
Exp22DM08-Inoc1-T5-P64;3.0;1.0;5.0;1.0;5.0;1.0;a;2;Exp22DM08_inoc1_saisie_V2;Fichier total
Exp22DM08-Inoc1-T5-P64;5.0;1.0;5.0;1.0;5.0;1.0;b;2;Exp22DM08_inoc1_saisie_V2;Fichier total
Exp22DM08-Inoc1-T5-P64;5.0;1.0;5.0;1.0;5.0;1.0;c;2;Exp22DM08_inoc1_saisie_V2;Fichier total
Exp22DM08-Inoc1-T5-P64;1.0;1.0;3.0;0.0;;;a;3;Exp22DM08_inoc1_saisie_V2;Fichier total
Exp22DM08-Inoc1-T5-P64;1.0;1.0;3.0;0.0;;;b;3;Exp22DM08_inoc1_saisie_V2;Fichier total
Exp22DM08-Inoc1-T5-P64;1.0;1.0;3.0;0.0;;;c;3;Exp22DM08_inoc1_saisie_V2;Fichier total
Exp22DM08-Inoc1-T5-P64;3.0;1.0;3.0;0.0;;;a;4;Exp22DM08_inoc1_saisie_V2;Fichier total
Exp22DM08-Inoc1-T5-P64;3.0;1.0;3.0;0.0;;;b;4;Exp22DM08_inoc1_saisie_V2;Fichier total
Exp22DM08-Inoc1-T5-P64;1.0;1.0;3.0;0.0;;;c;4;Exp22DM08_inoc1_saisie_V2;Fichier total
Exp22DM08-Inoc1-T5-P65;7.0;1.0;7.0;1.0;9.0;9.0;a;1;Exp22DM08_inoc1_saisie_V2;Fichier total
Exp22DM08-Inoc1-T5-P65;5.0;1.0;5.0;1.0;7.0;7.0;b;1;Exp22DM08_inoc1_saisie_V2;Fichier total
Exp22DM08-Inoc1-T5-P65;5.0;1.0;7.0;1.0;5.0;9.0;c;1;Exp22DM08_inoc1_saisie_V2;Fichier total
Exp22DM08-Inoc1-T5-P65;9.0;0.0;;1.0;5.0;9.0;a;2;Exp22DM08_inoc1_saisie_V2;Fichier total
Exp22DM08-Inoc1-T5-P65;9.0;0.0;;1.0;5.0;9.0;b;2;Exp22DM08_inoc1_saisie_V2;Fichier total
Exp22DM08-Inoc1-T5-P65;9.0;0.0;;1.0;5.0;9.0;c;2;Exp22DM08_inoc1_saisie_V2;Fichier total
Exp22DM08-Inoc1-T5-P65;9.0;0.0;;1.0;3.0;9.0;a;3;Exp22DM08_inoc1_saisie_V2;Fichier total
Exp22DM08-Inoc1-T5-P65;9.0;0.0;;1.0;5.0;9.0;b;3;Exp22DM08_inoc1_saisie_V2;Fichier total
Exp22DM08-Inoc1-T5-P65;9.0;0.0;;1.0;5.0;9.0;c;3;Exp22DM08_inoc1_saisie_V2;Fichier total
Exp22DM08-Inoc1-T5-P65;5.0;1.0;5.0;0.0;;;a;4;Exp22DM08_inoc1_saisie_V2;Fichier total
Exp22DM08-Inoc1-T5-P65;3.0;1.0;5.0;0.0;;;b;4;Exp22DM08_inoc1_saisie_V2;Fichier total
Exp22DM08-Inoc1-T5-P65;3.0;1.0;5.0;1.0;7.0;7.0;c;4;Exp22DM08_inoc1_saisie_V2;Fichier total
Exp22DM08-Inoc1-T5-P66;3.0;1.0;5.0;1.0;5.0;3.0;a;1;Exp22DM08_inoc1_saisie_V2;Fichier total
Exp22DM08-Inoc1-T5-P66;5.0;1.0;7.0;1.0;3.0;1.0;b;1;Exp22DM08_inoc1_saisie_V2;Fichier total
Exp22DM08-Inoc1-T5-P66;7.0;1.0;7.0;1.0;3.0;1.0;c;1;Exp22DM08_inoc1_saisie_V2;Fichier total
Exp22DM08-Inoc1-T5-P66;3.0;1.0;5.0;0.0;;;a;2;Exp22DM08_inoc1_saisie_V2;Fichier total
Exp22DM08-Inoc1-T5-P66;3.0;1.0;5.0;0.0;;;b;2;Exp22DM08_inoc1_saisie_V2;Fichier total
Exp22DM08-Inoc1-T5-P66;3.0;1.0;5.0;0.0;;;c;2;Exp22DM08_inoc1_saisie_V2;Fichier total
Exp22DM08-Inoc1-T5-P66;3.0;1.0;7.0;0.0;;;a;3;Exp22DM08_inoc1_saisie_V2;Fichier total
Exp22DM08-Inoc1-T5-P66;5.0;1.0;7.0;1.0;9.0;9.0;b;3;Exp22DM08_inoc1_saisie_V2;Fichier total
Exp22DM08-Inoc1-T5-P66;5.0;1.0;7.0;0.0;;;c;3;Exp22DM08_inoc1_saisie_V2;Fichier total
Exp22DM08-Inoc1-T5-P66;1.0;1.0;1.0;0.0;;;a;4;Exp22DM08_inoc1_saisie_V2;Fichier total
Exp22DM08-Inoc1-T5-P66;3.0;1.0;1.0;0.0;;;b;4;Exp22DM08_inoc1_saisie_V2;Fichier total
Exp22DM08-Inoc1-T5-P66;3.0;1.0;1.0;0.0;;;c;4;Exp22DM08_inoc1_saisie_V2;Fichier total
Exp22DM08-Inoc1-T5-P67;3.0;1.0;5.0;0.0;;;a;1;Exp22DM08_inoc1_saisie_V2;Fichier total
Exp22DM08-Inoc1-T5-P67;3.0;1.0;5.0;0.0;;;b;1;Exp22DM08_inoc1_saisie_V2;Fichier total
Exp22DM08-Inoc1-T5-P67;3.0;1.0;5.0;0.0;;;c;1;Exp22DM08_inoc1_saisie_V2;Fichier total
Exp22DM08-Inoc1-T5-P67;5.0;1.0;7.0;1.0;5.0;9.0;a;2;Exp22DM08_inoc1_saisie_V2;Fichier total
Exp22DM08-Inoc1-T5-P67;5.0;1.0;5.0;1.0;5.0;9.0;b;2;Exp22DM08_inoc1_saisie_V2;Fichier total
Exp22DM08-Inoc1-T5-P67;3.0;1.0;3.0;1.0;7.0;7.0;c;2;Exp22DM08_inoc1_saisie_V2;Fichier total
Exp22DM08-Inoc1-T5-P67;3.0;1.0;3.0;0.0;;;a;3;Exp22DM08_inoc1_saisie_V2;Fichier total
Exp22DM08-Inoc1-T5-P67;3.0;1.0;3.0;0.0;;;b;3;Exp22DM08_inoc1_saisie_V2;Fichier total
Exp22DM08-Inoc1-T5-P67;3.0;1.0;3.0;0.0;;;c;3;Exp22DM08_inoc1_saisie_V2;Fichier total
Exp22DM08-Inoc1-T5-P67;7.0;1.0;7.0;1.0;7.0;7.0;a;4;Exp22DM08_inoc1_saisie_V2;Fichier total
Exp22DM08-Inoc1-T5-P67;5.0;1.0;7.0;1.0;7.0;7.0;b;4;Exp22DM08_inoc1_saisie_V2;Fichier total
Exp22DM08-Inoc1-T5-P67;7.0;1.0;9.0;1.0;7.0;7.0;c;4;Exp22DM08_inoc1_saisie_V2;Fichier total
Exp22DM08-Inoc1-T5-P68;7.0;1.0;9.0;0.0;;;a;1;Exp22DM08_inoc1_saisie_V2;Fichier total
Exp22DM08-Inoc1-T5-P68;7.0;1.0;7.0;1.0;7.0;9.0;b;1;Exp22DM08_inoc1_saisie_V2;Fichier total
Exp22DM08-Inoc1-T5-P68;7.0;1.0;9.0;0.0;;;c;1;Exp22DM08_inoc1_saisie_V2;Fichier total
Exp22DM08-Inoc1-T5-P68;5.0;1.0;3.0;0.0;;;a;2;Exp22DM08_inoc1_saisie_V2;Fichier total
Exp22DM08-Inoc1-T5-P68;1.0;1.0;5.0;0.0;;;b;2;Exp22DM08_inoc1_saisie_V2;Fichier total
Exp22DM08-Inoc1-T5-P68;1.0;1.0;3.0;0.0;;;c;2;Exp22DM08_inoc1_saisie_V2;Fichier total
Exp22DM08-Inoc1-T5-P68;9.0;0.0;;1.0;5.0;9.0;a;3;Exp22DM08_inoc1_saisie_V2;Fichier total
Exp22DM08-Inoc1-T5-P68;9.0;0.0;;1.0;5.0;9.0;b;3;Exp22DM08_inoc1_saisie_V2;Fichier total
Exp22DM08-Inoc1-T5-P68;9.0;0.0;;1.0;5.0;9.0;c;3;Exp22DM08_inoc1_saisie_V2;Fichier total
Exp22DM08-Inoc1-T5-P68;7.0;1.0;9.0;1.0;9.0;9.0;a;4;Exp22DM08_inoc1_saisie_V2;Fichier total
Exp22DM08-Inoc1-T5-P68;5.0;1.0;7.0;0.0;;;b;4;Exp22DM08_inoc1_saisie_V2;Fichier total
Exp22DM08-Inoc1-T5-P68;7.0;1.0;7.0;0.0;;;c;4;Exp22DM08_inoc1_saisie_V2;Fichier total
Exp22DM08-Inoc1-T5-P69;7.0;1.0;7.0;1.0;7.0;9.0;a;1;Exp22DM08_inoc1_saisie_V2;Fichier total
Exp22DM08-Inoc1-T5-P69;5.0;1.0;7.0;1.0;7.0;7.0;b;1;Exp22DM08_inoc1_saisie_V2;Fichier total
Exp22DM08-Inoc1-T5-P69;7.0;1.0;7.0;1.0;7.0;7.0;c;1;Exp22DM08_inoc1_saisie_V2;Fichier total
Exp22DM08-Inoc1-T5-P69;5.0;1.0;5.0;0.0;;;a;2;Exp22DM08_inoc1_saisie_V2;Fichier total
Exp22DM08-Inoc1-T5-P69;3.0;1.0;5.0;0.0;;;b;2;Exp22DM08_inoc1_saisie_V2;Fichier total
Exp22DM08-Inoc1-T5-P69;7.0;1.0;5.0;1.0;9.0;9.0;c;2;Exp22DM08_inoc1_saisie_V2;Fichier total
Exp22DM08-Inoc1-T5-P69;3.0;1.0;3.0;0.0;;;a;3;Exp22DM08_inoc1_saisie_V2;Fichier total
Exp22DM08-Inoc1-T5-P69;1.0;1.0;3.0;0.0;;;b;3;Exp22DM08_inoc1_saisie_V2;Fichier total
Exp22DM08-Inoc1-T5-P69;1.0;1.0;3.0;0.0;;;c;3;Exp22DM08_inoc1_saisie_V2;Fichier total
Exp22DM08-Inoc1-T5-P69;3.0;1.0;5.0;0.0;;;a;4;Exp22DM08_inoc1_saisie_V2;Fichier total
Exp22DM08-Inoc1-T5-P69;1.0;1.0;5.0;0.0;;;b;4;Exp22DM08_inoc1_saisie_V2;Fichier total
Exp22DM08-Inoc1-T5-P69;1.0;1.0;5.0;0.0;;;c;4;Exp22DM08_inoc1_saisie_V2;Fichier total
Exp22DM08-Inoc1-T5-P70;1.0;1.0;3.0;0.0;;;a;1;Exp22DM08_inoc1_saisie_V2;Fichier total
Exp22DM08-Inoc1-T5-P70;1.0;1.0;3.0;0.0;;;b;1;Exp22DM08_inoc1_saisie_V2;Fichier total
Exp22DM08-Inoc1-T5-P70;3.0;1.0;3.0;0.0;;;c;1;Exp22DM08_inoc1_saisie_V2;Fichier total
Exp22DM08-Inoc1-T5-P70;5.0;1.0;7.0;0.0;;;a;2;Exp22DM08_inoc1_saisie_V2;Fichier total
Exp22DM08-Inoc1-T5-P70;5.0;1.0;5.0;0.0;;;b;2;Exp22DM08_inoc1_saisie_V2;Fichier total
Exp22DM08-Inoc1-T5-P70;5.0;1.0;5.0;0.0;;;c;2;Exp22DM08_inoc1_saisie_V2;Fichier total
Exp22DM08-Inoc1-T5-P70;3.0;1.0;5.0;0.0;;;a;3;Exp22DM08_inoc1_saisie_V2;Fichier total
Exp22DM08-Inoc1-T5-P70;1.0;1.0;3.0;0.0;;;b;3;Exp22DM08_inoc1_saisie_V2;Fichier total
Exp22DM08-Inoc1-T5-P70;1.0;1.0;3.0;0.0;;;c;3;Exp22DM08_inoc1_saisie_V2;Fichier total
Exp22DM08-Inoc1-T5-P70;9.0;0.0;;1.0;7.0;9.0;a;4;Exp22DM08_inoc1_saisie_V2;Fichier total
Exp22DM08-Inoc1-T5-P70;7.0;1.0;7.0;0.0;;;b;4;Exp22DM08_inoc1_saisie_V2;Fichier total
Exp22DM08-Inoc1-T5-P70;7.0;1.0;7.0;0.0;;;c;4;Exp22DM08_inoc1_saisie_V2;Fichier total
Exp22DM08-Inoc1-T5-P71;9.0;0.0;;0.0;;;a;1;Exp22DM08_inoc1_saisie_V2;Fichier total
Exp22DM08-Inoc1-T5-P71;7.0;1.0;9.0;1.0;7.0;7.0;b;1;Exp22DM08_inoc1_saisie_V2;Fichier total
Exp22DM08-Inoc1-T5-P71;7.0;1.0;9.0;1.0;5.0;7.0;c;1;Exp22DM08_inoc1_saisie_V2;Fichier total
Exp22DM08-Inoc1-T5-P71;3.0;1.0;5.0;0.0;;;a;2;Exp22DM08_inoc1_saisie_V2;Fichier total
Exp22DM08-Inoc1-T5-P71;3.0;1.0;5.0;0.0;;;b;2;Exp22DM08_inoc1_saisie_V2;Fichier total
Exp22DM08-Inoc1-T5-P71;3.0;1.0;5.0;0.0;;;c;2;Exp22DM08_inoc1_saisie_V2;Fichier total
Exp22DM08-Inoc1-T5-P71;1.0;1.0;3.0;0.0;;;a;3;Exp22DM08_inoc1_saisie_V2;Fichier total
Exp22DM08-Inoc1-T5-P71;1.0;1.0;3.0;0.0;;;b;3;Exp22DM08_inoc1_saisie_V2;Fichier total
Exp22DM08-Inoc1-T5-P71;1.0;1.0;3.0;0.0;;;c;3;Exp22DM08_inoc1_saisie_V2;Fichier total
Exp22DM08-Inoc1-T5-P71;1.0;1.0;3.0;0.0;;;a;4;Exp22DM08_inoc1_saisie_V2;Fichier total
Exp22DM08-Inoc1-T5-P71;1.0;1.0;3.0;0.0;;;b;4;Exp22DM08_inoc1_saisie_V2;Fichier total
Exp22DM08-Inoc1-T5-P71;3.0;1.0;3.0;0.0;;;c;4;Exp22DM08_inoc1_saisie_V2;Fichier total
Exp22DM08-Inoc1-T5-P72;3.0;1.0;5.0;0.0;;;a;1;Exp22DM08_inoc1_saisie_V2;Fichier total
Exp22DM08-Inoc1-T5-P72;3.0;1.0;3.0;0.0;;;b;1;Exp22DM08_inoc1_saisie_V2;Fichier total
Exp22DM08-Inoc1-T5-P72;3.0;1.0;3.0;0.0;;;c;1;Exp22DM08_inoc1_saisie_V2;Fichier total
Exp22DM08-Inoc1-T5-P72;7.0;1.0;7.0;1.0;7.0;7.0;a;2;Exp22DM08_inoc1_saisie_V2;Fichier total
Exp22DM08-Inoc1-T5-P72;7.0;1.0;7.0;1.0;7.0;7.0;b;2;Exp22DM08_inoc1_saisie_V2;Fichier total
Exp22DM08-Inoc1-T5-P72;5.0;1.0;7.0;1.0;7.0;7.0;c;2;Exp22DM08_inoc1_saisie_V2;Fichier total
Exp22DM08-Inoc1-T5-P72;7.0;1.0;9.0;1.0;1.0;3.0;a;3;Exp22DM08_inoc1_saisie_V2;Fichier total
Exp22DM08-Inoc1-T5-P72;9.0;0.0;;1.0;1.0;1.0;b;3;Exp22DM08_inoc1_saisie_V2;Fichier total
Exp22DM08-Inoc1-T5-P72;7.0;1.0;9.0;1.0;3.0;1.0;c;3;Exp22DM08_inoc1_saisie_V2;Fichier total
Exp22DM08-Inoc1-T5-P72;7.0;1.0;9.0;0.0;;;a;4;Exp22DM08_inoc1_saisie_V2;Fichier total
Exp22DM08-Inoc1-T5-P72;7.0;1.0;7.0;0.0;;;b;4;Exp22DM08_inoc1_saisie_V2;Fichier total
Exp22DM08-Inoc1-T5-P72;7.0;1.0;7.0;0.0;;;c;4;Exp22DM08_inoc1_saisie_V2;Fichier total
Exp22DM08-Inoc1-T5-P73;5.0;1.0;5.0;0.0;;;a;1;Exp22DM08_inoc1_saisie_V2;Fichier total
Exp22DM08-Inoc1-T5-P73;3.0;1.0;5.0;0.0;;;b;1;Exp22DM08_inoc1_saisie_V2;Fichier total
Exp22DM08-Inoc1-T5-P73;3.0;1.0;3.0;0.0;;;c;1;Exp22DM08_inoc1_saisie_V2;Fichier total
Exp22DM08-Inoc1-T5-P73;3.0;1.0;5.0;0.0;;;a;2;Exp22DM08_inoc1_saisie_V2;Fichier total
Exp22DM08-Inoc1-T5-P73;1.0;1.0;5.0;0.0;;;b;2;Exp22DM08_inoc1_saisie_V2;Fichier total
Exp22DM08-Inoc1-T5-P73;1.0;1.0;5.0;0.0;;;c;2;Exp22DM08_inoc1_saisie_V2;Fichier total
Exp22DM08-Inoc1-T5-P73;1.0;1.0;5.0;0.0;;;a;3;Exp22DM08_inoc1_saisie_V2;Fichier total
Exp22DM08-Inoc1-T5-P73;1.0;1.0;5.0;0.0;;;b;3;Exp22DM08_inoc1_saisie_V2;Fichier total
Exp22DM08-Inoc1-T5-P73;3.0;1.0;5.0;0.0;;;c;3;Exp22DM08_inoc1_saisie_V2;Fichier total
Exp22DM08-Inoc1-T5-P73;3.0;1.0;5.0;0.0;;;a;4;Exp22DM08_inoc1_saisie_V2;Fichier total
Exp22DM08-Inoc1-T5-P73;3.0;1.0;5.0;1.0;9.0;7.0;b;4;Exp22DM08_inoc1_saisie_V2;Fichier total
Exp22DM08-Inoc1-T5-P73;3.0;1.0;5.0;0.0;;;c;4;Exp22DM08_inoc1_saisie_V2;Fichier total
Exp22DM08-Inoc1-T5-P74;3.0;1.0;3.0;0.0;;;a;1;Exp22DM08_inoc1_saisie_V2;Fichier total
Exp22DM08-Inoc1-T5-P74;3.0;1.0;3.0;0.0;;;b;1;Exp22DM08_inoc1_saisie_V2;Fichier total
Exp22DM08-Inoc1-T5-P74;3.0;1.0;3.0;0.0;;;c;1;Exp22DM08_inoc1_saisie_V2;Fichier total
Exp22DM08-Inoc1-T5-P74;5.0;1.0;5.0;0.0;;;a;2;Exp22DM08_inoc1_saisie_V2;Fichier total
Exp22DM08-Inoc1-T5-P74;3.0;1.0;3.0;0.0;;;b;2;Exp22DM08_inoc1_saisie_V2;Fichier total
Exp22DM08-Inoc1-T5-P74;3.0;1.0;5.0;0.0;;;c;2;Exp22DM08_inoc1_saisie_V2;Fichier total
Exp22DM08-Inoc1-T5-P74;3.0;1.0;3.0;0.0;;;a;3;Exp22DM08_inoc1_saisie_V2;Fichier total
Exp22DM08-Inoc1-T5-P74;3.0;1.0;3.0;0.0;;;b;3;Exp22DM08_inoc1_saisie_V2;Fichier total
Exp22DM08-Inoc1-T5-P74;3.0;1.0;3.0;0.0;;;c;3;Exp22DM08_inoc1_saisie_V2;Fichier total
Exp22DM08-Inoc1-T5-P74;7.0;1.0;7.0;0.0;;;a;4;Exp22DM08_inoc1_saisie_V2;Fichier total
Exp22DM08-Inoc1-T5-P74;5.0;1.0;7.0;0.0;;;b;4;Exp22DM08_inoc1_saisie_V2;Fichier total
Exp22DM08-Inoc1-T5-P74;5.0;1.0;7.0;0.0;;;c;4;Exp22DM08_inoc1_saisie_V2;Fichier total
Exp22DM08-Inoc1-T5-P75;7.0;1.0;9.0;1.0;7.0;7.0;a;1;Exp22DM08_inoc1_saisie_V2;Fichier total
Exp22DM08-Inoc1-T5-P75;5.0;1.0;7.0;1.0;7.0;7.0;b;1;Exp22DM08_inoc1_saisie_V2;Fichier total
Exp22DM08-Inoc1-T5-P75;7.0;1.0;9.0;0.0;;;c;1;Exp22DM08_inoc1_saisie_V2;Fichier total
Exp22DM08-Inoc1-T5-P75;7.0;1.0;7.0;0.0;;;a;2;Exp22DM08_inoc1_saisie_V2;Fichier total
Exp22DM08-Inoc1-T5-P75;5.0;1.0;5.0;0.0;;;b;2;Exp22DM08_inoc1_saisie_V2;Fichier total
Exp22DM08-Inoc1-T5-P75;5.0;1.0;7.0;0.0;;;c;2;Exp22DM08_inoc1_saisie_V2;Fichier total
Exp22DM08-Inoc1-T5-P75;3.0;1.0;3.0;0.0;;;a;3;Exp22DM08_inoc1_saisie_V2;Fichier total
Exp22DM08-Inoc1-T5-P75;3.0;1.0;3.0;1.0;7.0;1.0;b;3;Exp22DM08_inoc1_saisie_V2;Fichier total
Exp22DM08-Inoc1-T5-P75;3.0;1.0;3.0;0.0;;;c;3;Exp22DM08_inoc1_saisie_V2;Fichier total
Exp22DM08-Inoc1-T5-P75;7.0;1.0;7.0;1.0;7.0;7.0;a;4;Exp22DM08_inoc1_saisie_V2;Fichier total
Exp22DM08-Inoc1-T5-P75;7.0;1.0;7.0;1.0;7.0;7.0;b;4;Exp22DM08_inoc1_saisie_V2;Fichier total
Exp22DM08-Inoc1-T5-P75;7.0;1.0;9.0;1.0;9.0;7.0;c;4;Exp22DM08_inoc1_saisie_V2;Fichier total
Exp22DM08-Inoc1-T5-P76;3.0;1.0;3.0;0.0;;;a;1;Exp22DM08_inoc1_saisie_V2;Fichier total
Exp22DM08-Inoc1-T5-P76;3.0;1.0;1.0;0.0;;;b;1;Exp22DM08_inoc1_saisie_V2;Fichier total
Exp22DM08-Inoc1-T5-P76;3.0;1.0;5.0;0.0;;;c;1;Exp22DM08_inoc1_saisie_V2;Fichier total
Exp22DM08-Inoc1-T5-P76;5.0;1.0;7.0;0.0;;;a;2;Exp22DM08_inoc1_saisie_V2;Fichier total
Exp22DM08-Inoc1-T5-P76;5.0;1.0;7.0;0.0;;;b;2;Exp22DM08_inoc1_saisie_V2;Fichier total
Exp22DM08-Inoc1-T5-P76;5.0;1.0;7.0;0.0;;;c;2;Exp22DM08_inoc1_saisie_V2;Fichier total
Exp22DM08-Inoc1-T5-P76;3.0;1.0;5.0;0.0;;;a;3;Exp22DM08_inoc1_saisie_V2;Fichier total
Exp22DM08-Inoc1-T5-P76;3.0;1.0;5.0;1.0;7.0;3.0;b;3;Exp22DM08_inoc1_saisie_V2;Fichier total
Exp22DM08-Inoc1-T5-P76;5.0;1.0;5.0;1.0;7.0;5.0;c;3;Exp22DM08_inoc1_saisie_V2;Fichier total
Exp22DM08-Inoc1-T5-P76;1.0;1.0;3.0;0.0;;;a;4;Exp22DM08_inoc1_saisie_V2;Fichier total
Exp22DM08-Inoc1-T5-P76;3.0;1.0;3.0;0.0;;;b;4;Exp22DM08_inoc1_saisie_V2;Fichier total
Exp22DM08-Inoc1-T5-P76;1.0;1.0;3.0;0.0;;;c;4;Exp22DM08_inoc1_saisie_V2;Fichier total
Exp22DM08-Inoc1-T5-P77;5.0;1.0;7.0;1.0;5.0;7.0;a;1;Exp22DM08_inoc1_saisie_V2;Fichier total
Exp22DM08-Inoc1-T5-P77;5.0;1.0;7.0;1.0;5.0;7.0;b;1;Exp22DM08_inoc1_saisie_V2;Fichier total
Exp22DM08-Inoc1-T5-P77;5.0;1.0;7.0;1.0;5.0;7.0;c;1;Exp22DM08_inoc1_saisie_V2;Fichier total
Exp22DM08-Inoc1-T5-P77;3.0;1.0;5.0;0.0;;;a;2;Exp22DM08_inoc1_saisie_V2;Fichier total
Exp22DM08-Inoc1-T5-P77;3.0;1.0;5.0;0.0;;;b;2;Exp22DM08_inoc1_saisie_V2;Fichier total
Exp22DM08-Inoc1-T5-P77;3.0;1.0;5.0;0.0;;;c;2;Exp22DM08_inoc1_saisie_V2;Fichier total
Exp22DM08-Inoc1-T5-P77;5.0;1.0;5.0;1.0;5.0;7.0;a;3;Exp22DM08_inoc1_saisie_V2;Fichier total
Exp22DM08-Inoc1-T5-P77;5.0;1.0;5.0;1.0;7.0;9.0;b;3;Exp22DM08_inoc1_saisie_V2;Fichier total
Exp22DM08-Inoc1-T5-P77;5.0;1.0;5.0;1.0;7.0;9.0;c;3;Exp22DM08_inoc1_saisie_V2;Fichier total
Exp22DM08-Inoc1-T5-P77;3.0;1.0;3.0;0.0;;;a;4;Exp22DM08_inoc1_saisie_V2;Fichier total
Exp22DM08-Inoc1-T5-P77;3.0;1.0;3.0;0.0;;;b;4;Exp22DM08_inoc1_saisie_V2;Fichier total
Exp22DM08-Inoc1-T5-P77;3.0;1.0;3.0;0.0;;;c;4;Exp22DM08_inoc1_saisie_V2;Fichier total
Exp22DM08-Inoc1-T5-P78;7.0;1.0;7.0;0.0;;;a;1;Exp22DM08_inoc1_saisie_V2;Fichier total
Exp22DM08-Inoc1-T5-P78;7.0;1.0;7.0;1.0;7.0;7.0;b;1;Exp22DM08_inoc1_saisie_V2;Fichier total
Exp22DM08-Inoc1-T5-P78;7.0;1.0;7.0;1.0;7.0;7.0;c;1;Exp22DM08_inoc1_saisie_V2;Fichier total
Exp22DM08-Inoc1-T5-P78;7.0;1.0;9.0;1.0;5.0;9.0;a;2;Exp22DM08_inoc1_saisie_V2;Fichier total
Exp22DM08-Inoc1-T5-P78;7.0;1.0;9.0;1.0;5.0;9.0;b;2;Exp22DM08_inoc1_saisie_V2;Fichier total
Exp22DM08-Inoc1-T5-P78;7.0;1.0;9.0;1.0;5.0;9.0;c;2;Exp22DM08_inoc1_saisie_V2;Fichier total
Exp22DM08-Inoc1-T5-P78;7.0;1.0;9.0;1.0;7.0;9.0;a;3;Exp22DM08_inoc1_saisie_V2;Fichier total
Exp22DM08-Inoc1-T5-P78;7.0;1.0;9.0;1.0;7.0;9.0;b;3;Exp22DM08_inoc1_saisie_V2;Fichier total
Exp22DM08-Inoc1-T5-P78;7.0;1.0;9.0;1.0;7.0;9.0;c;3;Exp22DM08_inoc1_saisie_V2;Fichier total
Exp22DM08-Inoc1-T5-P78;7.0;1.0;7.0;1.0;9.0;9.0;a;4;Exp22DM08_inoc1_saisie_V2;Fichier total
Exp22DM08-Inoc1-T5-P78;5.0;1.0;7.0;0.0;;;b;4;Exp22DM08_inoc1_saisie_V2;Fichier total
Exp22DM08-Inoc1-T5-P78;7.0;1.0;7.0;0.0;;;c;4;Exp22DM08_inoc1_saisie_V2;Fichier total
Exp22DM08-Inoc1-T5-P79;5.0;1.0;3.0;0.0;;;a;1;Exp22DM08_inoc1_saisie_V2;Fichier total
Exp22DM08-Inoc1-T5-P79;3.0;1.0;3.0;0.0;;;b;1;Exp22DM08_inoc1_saisie_V2;Fichier total
Exp22DM08-Inoc1-T5-P79;1.0;1.0;3.0;0.0;;;c;1;Exp22DM08_inoc1_saisie_V2;Fichier total
Exp22DM08-Inoc1-T5-P79;3.0;1.0;5.0;1.0;5.0;7.0;a;2;Exp22DM08_inoc1_saisie_V2;Fichier total
Exp22DM08-Inoc1-T5-P79;3.0;1.0;5.0;1.0;5.0;7.0;b;2;Exp22DM08_inoc1_saisie_V2;Fichier total
Exp22DM08-Inoc1-T5-P79;3.0;1.0;1.0;1.0;5.0;7.0;c;2;Exp22DM08_inoc1_saisie_V2;Fichier total
Exp22DM08-Inoc1-T5-P79;3.0;1.0;3.0;0.0;;;a;3;Exp22DM08_inoc1_saisie_V2;Fichier total
Exp22DM08-Inoc1-T5-P79;3.0;1.0;3.0;0.0;;;b;3;Exp22DM08_inoc1_saisie_V2;Fichier total
Exp22DM08-Inoc1-T5-P79;3.0;1.0;3.0;0.0;;;c;3;Exp22DM08_inoc1_saisie_V2;Fichier total
Exp22DM08-Inoc1-T5-P79;5.0;1.0;5.0;1.0;7.0;7.0;a;4;Exp22DM08_inoc1_saisie_V2;Fichier total
Exp22DM08-Inoc1-T5-P79;5.0;1.0;5.0;1.0;7.0;7.0;b;4;Exp22DM08_inoc1_saisie_V2;Fichier total
Exp22DM08-Inoc1-T5-P79;5.0;1.0;5.0;0.0;;;c;4;Exp22DM08_inoc1_saisie_V2;Fichier total
Exp22DM08-Inoc1-T5-P80;3.0;1.0;1.0;0.0;;;a;1;Exp22DM08_inoc1_saisie_V2;Fichier total
Exp22DM08-Inoc1-T5-P80;3.0;1.0;1.0;0.0;;;b;1;Exp22DM08_inoc1_saisie_V2;Fichier total
Exp22DM08-Inoc1-T5-P80;3.0;1.0;1.0;0.0;;;c;1;Exp22DM08_inoc1_saisie_V2;Fichier total
Exp22DM08-Inoc1-T5-P80;5.0;1.0;5.0;0.0;;;a;2;Exp22DM08_inoc1_saisie_V2;Fichier total
Exp22DM08-Inoc1-T5-P80;5.0;1.0;7.0;1.0;7.0;7.0;b;2;Exp22DM08_inoc1_saisie_V2;Fichier total
Exp22DM08-Inoc1-T5-P80;5.0;1.0;7.0;1.0;7.0;7.0;c;2;Exp22DM08_inoc1_saisie_V2;Fichier total
Exp22DM08-Inoc1-T5-P80;7.0;1.0;7.0;1.0;5.0;5.0;a;3;Exp22DM08_inoc1_saisie_V2;Fichier total
Exp22DM08-Inoc1-T5-P80;7.0;1.0;7.0;1.0;7.0;7.0;b;3;Exp22DM08_inoc1_saisie_V2;Fichier total
Exp22DM08-Inoc1-T5-P80;5.0;1.0;7.0;1.0;5.0;7.0;c;3;Exp22DM08_inoc1_saisie_V2;Fichier total
Exp22DM08-Inoc1-T5-P80;3.0;1.0;5.0;0.0;;;a;4;Exp22DM08_inoc1_saisie_V2;Fichier total
Exp22DM08-Inoc1-T5-P80;3.0;1.0;3.0;0.0;;;b;4;Exp22DM08_inoc1_saisie_V2;Fichier total
Exp22DM08-Inoc1-T5-P80;3.0;1.0;3.0;0.0;;;c;4;Exp22DM08_inoc1_saisie_V2;Fichier total
Exp22DM08-Inoc1-T5-P81;1.0;1.0;3.0;0.0;;;a;1;Exp22DM08_inoc1_saisie_V2;Fichier total
Exp22DM08-Inoc1-T5-P81;1.0;1.0;3.0;0.0;;;b;1;Exp22DM08_inoc1_saisie_V2;Fichier total
Exp22DM08-Inoc1-T5-P81;1.0;1.0;3.0;0.0;;;c;1;Exp22DM08_inoc1_saisie_V2;Fichier total
Exp22DM08-Inoc1-T5-P81;5.0;1.0;5.0;0.0;;;a;2;Exp22DM08_inoc1_saisie_V2;Fichier total
Exp22DM08-Inoc1-T5-P81;5.0;1.0;5.0;0.0;;;b;2;Exp22DM08_inoc1_saisie_V2;Fichier total
Exp22DM08-Inoc1-T5-P81;5.0;1.0;5.0;0.0;;;c;2;Exp22DM08_inoc1_saisie_V2;Fichier total
Exp22DM08-Inoc1-T5-P81;7.0;1.0;7.0;1.0;5.0;7.0;a;3;Exp22DM08_inoc1_saisie_V2;Fichier total
Exp22DM08-Inoc1-T5-P81;5.0;1.0;7.0;1.0;9.0;7.0;b;3;Exp22DM08_inoc1_saisie_V2;Fichier total
Exp22DM08-Inoc1-T5-P81;5.0;1.0;9.0;0.0;;;c;3;Exp22DM08_inoc1_saisie_V2;Fichier total
Exp22DM08-Inoc1-T5-P81;7.0;1.0;7.0;1.0;5.0;7.0;a;4;Exp22DM08_inoc1_saisie_V2;Fichier total
Exp22DM08-Inoc1-T5-P81;7.0;1.0;9.0;1.0;7.0;7.0;b;4;Exp22DM08_inoc1_saisie_V2;Fichier total
Exp22DM08-Inoc1-T5-P81;7.0;1.0;9.0;1.0;5.0;7.0;c;4;Exp22DM08_inoc1_saisie_V2;Fichier total
Exp22DM08-Inoc1-T5-P82;7.0;1.0;7.0;1.0;3.0;7.0;a;1;Exp22DM08_inoc1_saisie_V2;Fichier total
Exp22DM08-Inoc1-T5-P82;7.0;1.0;7.0;1.0;3.0;7.0;b;1;Exp22DM08_inoc1_saisie_V2;Fichier total
Exp22DM08-Inoc1-T5-P82;7.0;1.0;7.0;1.0;3.0;7.0;c;1;Exp22DM08_inoc1_saisie_V2;Fichier total
Exp22DM08-Inoc1-T5-P82;5.0;1.0;5.0;1.0;5.0;7.0;a;2;Exp22DM08_inoc1_saisie_V2;Fichier total
Exp22DM08-Inoc1-T5-P82;5.0;1.0;5.0;1.0;5.0;7.0;b;2;Exp22DM08_inoc1_saisie_V2;Fichier total
Exp22DM08-Inoc1-T5-P82;5.0;1.0;5.0;1.0;5.0;7.0;c;2;Exp22DM08_inoc1_saisie_V2;Fichier total
Exp22DM08-Inoc1-T5-P82;5.0;1.0;5.0;0.0;;;a;3;Exp22DM08_inoc1_saisie_V2;Fichier total
Exp22DM08-Inoc1-T5-P82;5.0;1.0;5.0;0.0;;;b;3;Exp22DM08_inoc1_saisie_V2;Fichier total
Exp22DM08-Inoc1-T5-P82;5.0;1.0;5.0;0.0;;;c;3;Exp22DM08_inoc1_saisie_V2;Fichier total
Exp22DM08-Inoc1-T5-P82;5.0;1.0;5.0;0.0;;;a;4;Exp22DM08_inoc1_saisie_V2;Fichier total
Exp22DM08-Inoc1-T5-P82;5.0;1.0;5.0;0.0;;;b;4;Exp22DM08_inoc1_saisie_V2;Fichier total
Exp22DM08-Inoc1-T5-P82;5.0;1.0;5.0;1.0;7.0;7.0;c;4;Exp22DM08_inoc1_saisie_V2;Fichier total
Exp22DM08-Inoc1-T5-P83;5.0;1.0;5.0;0.0;;;a;1;Exp22DM08_inoc1_saisie_V2;Fichier total
Exp22DM08-Inoc1-T5-P83;3.0;1.0;5.0;0.0;;;b;1;Exp22DM08_inoc1_saisie_V2;Fichier total
Exp22DM08-Inoc1-T5-P83;3.0;1.0;5.0;0.0;;;c;1;Exp22DM08_inoc1_saisie_V2;Fichier total
Exp22DM08-Inoc1-T5-P83;7.0;1.0;7.0;0.0;;;a;2;Exp22DM08_inoc1_saisie_V2;Fichier total
Exp22DM08-Inoc1-T5-P83;5.0;1.0;5.0;0.0;;;b;2;Exp22DM08_inoc1_saisie_V2;Fichier total
Exp22DM08-Inoc1-T5-P83;7.0;1.0;7.0;0.0;;;c;2;Exp22DM08_inoc1_saisie_V2;Fichier total
Exp22DM08-Inoc1-T5-P83;5.0;1.0;5.0;1.0;5.0;7.0;a;3;Exp22DM08_inoc1_saisie_V2;Fichier total
Exp22DM08-Inoc1-T5-P83;5.0;1.0;5.0;1.0;5.0;7.0;b;3;Exp22DM08_inoc1_saisie_V2;Fichier total
Exp22DM08-Inoc1-T5-P83;5.0;1.0;5.0;1.0;5.0;7.0;c;3;Exp22DM08_inoc1_saisie_V2;Fichier total
Exp22DM08-Inoc1-T5-P83;7.0;1.0;7.0;0.0;;;a;4;Exp22DM08_inoc1_saisie_V2;Fichier total
Exp22DM08-Inoc1-T5-P83;5.0;1.0;7.0;1.0;5.0;9.0;b;4;Exp22DM08_inoc1_saisie_V2;Fichier total
Exp22DM08-Inoc1-T5-P83;7.0;1.0;7.0;1.0;7.0;9.0;c;4;Exp22DM08_inoc1_saisie_V2;Fichier total
Exp22DM08-Inoc1-T5-P84;3.0;1.0;5.0;0.0;;;a;1;Exp22DM08_inoc1_saisie_V2;Fichier total
Exp22DM08-Inoc1-T5-P84;3.0;1.0;5.0;1.0;7.0;7.0;b;1;Exp22DM08_inoc1_saisie_V2;Fichier total
Exp22DM08-Inoc1-T5-P84;3.0;1.0;5.0;1.0;7.0;7.0;c;1;Exp22DM08_inoc1_saisie_V2;Fichier total
Exp22DM08-Inoc1-T5-P84;5.0;1.0;5.0;1.0;7.0;7.0;a;2;Exp22DM08_inoc1_saisie_V2;Fichier total
Exp22DM08-Inoc1-T5-P84;5.0;1.0;5.0;1.0;7.0;7.0;b;2;Exp22DM08_inoc1_saisie_V2;Fichier total
Exp22DM08-Inoc1-T5-P84;5.0;1.0;5.0;1.0;7.0;7.0;c;2;Exp22DM08_inoc1_saisie_V2;Fichier total
Exp22DM08-Inoc1-T5-P84;7.0;1.0;7.0;0.0;;;a;3;Exp22DM08_inoc1_saisie_V2;Fichier total
Exp22DM08-Inoc1-T5-P84;7.0;1.0;7.0;1.0;9.0;7.0;b;3;Exp22DM08_inoc1_saisie_V2;Fichier total
Exp22DM08-Inoc1-T5-P84;7.0;1.0;7.0;1.0;7.0;7.0;c;3;Exp22DM08_inoc1_saisie_V2;Fichier total
Exp22DM08-Inoc1-T5-P84;3.0;1.0;5.0;0.0;;;a;4;Exp22DM08_inoc1_saisie_V2;Fichier total
Exp22DM08-Inoc1-T5-P84;3.0;1.0;5.0;0.0;;;b;4;Exp22DM08_inoc1_saisie_V2;Fichier total
Exp22DM08-Inoc1-T5-P84;3.0;1.0;5.0;0.0;;;c;4;Exp22DM08_inoc1_saisie_V2;Fichier total
Exp22DM08-Inoc1-T5-P85;5.0;1.0;5.0;1.0;9.0;9.0;a;1;Exp22DM08_inoc1_saisie_V2;Fichier total
Exp22DM08-Inoc1-T5-P85;5.0;1.0;5.0;1.0;7.0;9.0;b;1;Exp22DM08_inoc1_saisie_V2;Fichier total
Exp22DM08-Inoc1-T5-P85;5.0;1.0;5.0;0.0;;;c;1;Exp22DM08_inoc1_saisie_V2;Fichier total
Exp22DM08-Inoc1-T5-P85;5.0;1.0;5.0;0.0;;;a;2;Exp22DM08_inoc1_saisie_V2;Fichier total
Exp22DM08-Inoc1-T5-P85;3.0;1.0;5.0;0.0;;;b;2;Exp22DM08_inoc1_saisie_V2;Fichier total
Exp22DM08-Inoc1-T5-P85;3.0;1.0;5.0;0.0;;;c;2;Exp22DM08_inoc1_saisie_V2;Fichier total
Exp22DM08-Inoc1-T5-P85;3.0;1.0;5.0;0.0;;;a;3;Exp22DM08_inoc1_saisie_V2;Fichier total
Exp22DM08-Inoc1-T5-P85;3.0;1.0;5.0;1.0;5.0;5.0;b;3;Exp22DM08_inoc1_saisie_V2;Fichier total
Exp22DM08-Inoc1-T5-P85;1.0;1.0;5.0;0.0;;;c;3;Exp22DM08_inoc1_saisie_V2;Fichier total
Exp22DM08-Inoc1-T5-P85;5.0;1.0;7.0;1.0;5.0;7.0;a;4;Exp22DM08_inoc1_saisie_V2;Fichier total
Exp22DM08-Inoc1-T5-P85;5.0;1.0;7.0;1.0;5.0;7.0;b;4;Exp22DM08_inoc1_saisie_V2;Fichier total
Exp22DM08-Inoc1-T5-P85;5.0;1.0;7.0;1.0;5.0;7.0;c;4;Exp22DM08_inoc1_saisie_V2;Fichier total
Exp22DM08-Inoc1-T5-P86;3.0;1.0;3.0;0.0;;;a;1;Exp22DM08_inoc1_saisie_V2;Fichier total
Exp22DM08-Inoc1-T5-P86;3.0;1.0;3.0;0.0;;;b;1;Exp22DM08_inoc1_saisie_V2;Fichier total
Exp22DM08-Inoc1-T5-P86;3.0;1.0;3.0;0.0;;;c;1;Exp22DM08_inoc1_saisie_V2;Fichier total
Exp22DM08-Inoc1-T5-P86;1.0;1.0;5.0;0.0;;;a;2;Exp22DM08_inoc1_saisie_V2;Fichier total
Exp22DM08-Inoc1-T5-P86;1.0;1.0;5.0;1.0;9.0;9.0;b;2;Exp22DM08_inoc1_saisie_V2;Fichier total
Exp22DM08-Inoc1-T5-P86;1.0;1.0;3.0;0.0;;;c;2;Exp22DM08_inoc1_saisie_V2;Fichier total
Exp22DM08-Inoc1-T5-P86;5.0;1.0;5.0;1.0;5.0;7.0;a;3;Exp22DM08_inoc1_saisie_V2;Fichier total
Exp22DM08-Inoc1-T5-P86;5.0;1.0;5.0;1.0;5.0;7.0;b;3;Exp22DM08_inoc1_saisie_V2;Fichier total
Exp22DM08-Inoc1-T5-P86;3.0;1.0;5.0;1.0;5.0;7.0;c;3;Exp22DM08_inoc1_saisie_V2;Fichier total
Exp22DM08-Inoc1-T5-P86;7.0;1.0;7.0;1.0;7.0;7.0;a;4;Exp22DM08_inoc1_saisie_V2;Fichier total
Exp22DM08-Inoc1-T5-P86;7.0;1.0;7.0;1.0;7.0;7.0;b;4;Exp22DM08_inoc1_saisie_V2;Fichier total
Exp22DM08-Inoc1-T5-P86;7.0;1.0;7.0;1.0;7.0;7.0;c;4;Exp22DM08_inoc1_saisie_V2;Fichier total
Exp22DM08-Inoc1-T5-P87;3.0;1.0;5.0;0.0;;;a;1;Exp22DM08_inoc1_saisie_V2;Fichier total
Exp22DM08-Inoc1-T5-P87;3.0;1.0;5.0;0.0;;;b;1;Exp22DM08_inoc1_saisie_V2;Fichier total
Exp22DM08-Inoc1-T5-P87;3.0;1.0;5.0;1.0;5.0;7.0;c;1;Exp22DM08_inoc1_saisie_V2;Fichier total
Exp22DM08-Inoc1-T5-P87;5.0;1.0;5.0;1.0;5.0;3.0;a;2;Exp22DM08_inoc1_saisie_V2;Fichier total
Exp22DM08-Inoc1-T5-P87;5.0;1.0;5.0;1.0;5.0;3.0;b;2;Exp22DM08_inoc1_saisie_V2;Fichier total
Exp22DM08-Inoc1-T5-P87;5.0;1.0;5.0;1.0;5.0;3.0;c;2;Exp22DM08_inoc1_saisie_V2;Fichier total
Exp22DM08-Inoc1-T5-P87;1.0;1.0;3.0;0.0;;;a;3;Exp22DM08_inoc1_saisie_V2;Fichier total
Exp22DM08-Inoc1-T5-P87;1.0;1.0;3.0;0.0;;;b;3;Exp22DM08_inoc1_saisie_V2;Fichier total
Exp22DM08-Inoc1-T5-P87;3.0;1.0;3.0;0.0;;;c;3;Exp22DM08_inoc1_saisie_V2;Fichier total
Exp22DM08-Inoc1-T5-P87;1.0;1.0;5.0;0.0;;;a;4;Exp22DM08_inoc1_saisie_V2;Fichier total
Exp22DM08-Inoc1-T5-P87;1.0;1.0;5.0;0.0;;;b;4;Exp22DM08_inoc1_saisie_V2;Fichier total
Exp22DM08-Inoc1-T5-P87;3.0;1.0;5.0;0.0;;;c;4;Exp22DM08_inoc1_saisie_V2;Fichier total
Exp22DM08-Inoc1-T5-P88;3.0;1.0;3.0;1.0;9.0;9.0;a;1;Exp22DM08_inoc1_saisie_V2;Fichier total
Exp22DM08-Inoc1-T5-P88;3.0;1.0;3.0;0.0;;;b;1;Exp22DM08_inoc1_saisie_V2;Fichier total
Exp22DM08-Inoc1-T5-P88;3.0;1.0;3.0;0.0;;;c;1;Exp22DM08_inoc1_saisie_V2;Fichier total
Exp22DM08-Inoc1-T5-P88;5.0;1.0;5.0;1.0;9.0;9.0;a;2;Exp22DM08_inoc1_saisie_V2;Fichier total
Exp22DM08-Inoc1-T5-P88;5.0;1.0;5.0;0.0;;;b;2;Exp22DM08_inoc1_saisie_V2;Fichier total
Exp22DM08-Inoc1-T5-P88;5.0;1.0;5.0;0.0;;;c;2;Exp22DM08_inoc1_saisie_V2;Fichier total
Exp22DM08-Inoc1-T6-P1;3.0;1.0;5.0;0.0;;;a;1;Exp22DM08_inoc1_saisie_V2;Fichier total
Exp22DM08-Inoc1-T6-P1;5.0;1.0;5.0;0.0;;;b;1;Exp22DM08_inoc1_saisie_V2;Fichier total
Exp22DM08-Inoc1-T6-P1;5.0;1.0;5.0;0.0;;;c;1;Exp22DM08_inoc1_saisie_V2;Fichier total
Exp22DM08-Inoc1-T6-P1;7.0;1.0;5.0;0.0;;;a;2;Exp22DM08_inoc1_saisie_V2;Fichier total
Exp22DM08-Inoc1-T6-P1;7.0;1.0;5.0;0.0;;;b;2;Exp22DM08_inoc1_saisie_V2;Fichier total
Exp22DM08-Inoc1-T6-P1;7.0;1.0;5.0;1.0;7.0;7.0;c;2;Exp22DM08_inoc1_saisie_V2;Fichier total
Exp22DM08-Inoc1-T6-P1;7.0;1.0;7.0;1.0;7.0;7.0;a;3;Exp22DM08_inoc1_saisie_V2;Fichier total
Exp22DM08-Inoc1-T6-P1;7.0;1.0;7.0;1.0;7.0;7.0;b;3;Exp22DM08_inoc1_saisie_V2;Fichier total
Exp22DM08-Inoc1-T6-P1;5.0;1.0;7.0;1.0;7.0;7.0;c;3;Exp22DM08_inoc1_saisie_V2;Fichier total
Exp22DM08-Inoc1-T6-P1;9.0;0.0;;1.0;5.0;9.0;a;4;Exp22DM08_inoc1_saisie_V2;Fichier total
Exp22DM08-Inoc1-T6-P1;9.0;0.0;;1.0;5.0;9.0;b;4;Exp22DM08_inoc1_saisie_V2;Fichier total
Exp22DM08-Inoc1-T6-P1;9.0;0.0;;1.0;5.0;9.0;c;4;Exp22DM08_inoc1_saisie_V2;Fichier total
Exp22DM08-Inoc1-T6-P2;9.0;0.0;;1.0;5.0;9.0;a;1;Exp22DM08_inoc1_saisie_V2;Fichier total
Exp22DM08-Inoc1-T6-P2;9.0;0.0;;1.0;5.0;9.0;b;1;Exp22DM08_inoc1_saisie_V2;Fichier total
Exp22DM08-Inoc1-T6-P2;9.0;0.0;;1.0;7.0;9.0;c;1;Exp22DM08_inoc1_saisie_V2;Fichier total
Exp22DM08-Inoc1-T6-P2;7.0;1.0;9.0;1.0;9.0;9.0;a;2;Exp22DM08_inoc1_saisie_V2;Fichier total
Exp22DM08-Inoc1-T6-P2;7.0;1.0;7.0;1.0;7.0;9.0;b;2;Exp22DM08_inoc1_saisie_V2;Fichier total
Exp22DM08-Inoc1-T6-P2;7.0;1.0;9.0;1.0;9.0;9.0;c;2;Exp22DM08_inoc1_saisie_V2;Fichier total
Exp22DM08-Inoc1-T6-P2;3.0;1.0;5.0;0.0;;;a;3;Exp22DM08_inoc1_saisie_V2;Fichier total
Exp22DM08-Inoc1-T6-P2;5.0;1.0;5.0;0.0;;;b;3;Exp22DM08_inoc1_saisie_V2;Fichier total
Exp22DM08-Inoc1-T6-P2;3.0;1.0;5.0;0.0;;;c;3;Exp22DM08_inoc1_saisie_V2;Fichier total
Exp22DM08-Inoc1-T6-P2;9.0;0.0;;1.0;7.0;7.0;a;4;Exp22DM08_inoc1_saisie_V2;Fichier total
Exp22DM08-Inoc1-T6-P2;9.0;0.0;;1.0;7.0;7.0;b;4;Exp22DM08_inoc1_saisie_V2;Fichier total
Exp22DM08-Inoc1-T6-P2;9.0;0.0;;1.0;5.0;7.0;c;4;Exp22DM08_inoc1_saisie_V2;Fichier total
Exp22DM08-Inoc1-T6-P3;7.0;1.0;9.0;1.0;7.0;5.0;a;1;Exp22DM08_inoc1_saisie_V2;Fichier total
Exp22DM08-Inoc1-T6-P3;9.0;0.0;;1.0;7.0;5.0;b;1;Exp22DM08_inoc1_saisie_V2;Fichier total
Exp22DM08-Inoc1-T6-P3;9.0;0.0;;1.0;7.0;5.0;c;1;Exp22DM08_inoc1_saisie_V2;Fichier total
Exp22DM08-Inoc1-T6-P3;7.0;1.0;5.0;0.0;;;a;2;Exp22DM08_inoc1_saisie_V2;Fichier total
Exp22DM08-Inoc1-T6-P3;5.0;1.0;5.0;1.0;9.0;9.0;b;2;Exp22DM08_inoc1_saisie_V2;Fichier total
Exp22DM08-Inoc1-T6-P3;3.0;1.0;5.0;0.0;;;c;2;Exp22DM08_inoc1_saisie_V2;Fichier total
Exp22DM08-Inoc1-T6-P3;3.0;1.0;3.0;0.0;;;a;3;Exp22DM08_inoc1_saisie_V2;Fichier total
Exp22DM08-Inoc1-T6-P3;3.0;1.0;3.0;0.0;;;b;3;Exp22DM08_inoc1_saisie_V2;Fichier total
Exp22DM08-Inoc1-T6-P3;3.0;1.0;3.0;0.0;;;c;3;Exp22DM08_inoc1_saisie_V2;Fichier total
Exp22DM08-Inoc1-T6-P3;5.0;1.0;5.0;1.0;5.0;7.0;a;4;Exp22DM08_inoc1_saisie_V2;Fichier total
Exp22DM08-Inoc1-T6-P3;7.0;1.0;5.0;1.0;5.0;7.0;b;4;Exp22DM08_inoc1_saisie_V2;Fichier total
Exp22DM08-Inoc1-T6-P3;7.0;1.0;5.0;1.0;5.0;7.0;c;4;Exp22DM08_inoc1_saisie_V2;Fichier total
Exp22DM08-Inoc1-T6-P4;9.0;0.0;;1.0;5.0;9.0;a;1;Exp22DM08_inoc1_saisie_V2;Fichier total
Exp22DM08-Inoc1-T6-P4;9.0;0.0;;1.0;5.0;9.0;b;1;Exp22DM08_inoc1_saisie_V2;Fichier total
Exp22DM08-Inoc1-T6-P4;9.0;0.0;;1.0;3.0;9.0;c;1;Exp22DM08_inoc1_saisie_V2;Fichier total
Exp22DM08-Inoc1-T6-P4;9.0;0.0;;1.0;5.0;9.0;a;2;Exp22DM08_inoc1_saisie_V2;Fichier total
Exp22DM08-Inoc1-T6-P4;9.0;0.0;;1.0;5.0;9.0;b;2;Exp22DM08_inoc1_saisie_V2;Fichier total
Exp22DM08-Inoc1-T6-P4;9.0;0.0;;1.0;5.0;9.0;c;2;Exp22DM08_inoc1_saisie_V2;Fichier total
Exp22DM08-Inoc1-T6-P4;7.0;1.0;9.0;0.0;;;a;3;Exp22DM08_inoc1_saisie_V2;Fichier total
Exp22DM08-Inoc1-T6-P4;7.0;1.0;9.0;1.0;7.0;7.0;b;3;Exp22DM08_inoc1_saisie_V2;Fichier total
Exp22DM08-Inoc1-T6-P4;7.0;1.0;9.0;1.0;9.0;7.0;c;3;Exp22DM08_inoc1_saisie_V2;Fichier total
Exp22DM08-Inoc1-T6-P4;3.0;1.0;3.0;0.0;;;a;4;Exp22DM08_inoc1_saisie_V2;Fichier total
Exp22DM08-Inoc1-T6-P4;3.0;1.0;3.0;0.0;;;b;4;Exp22DM08_inoc1_saisie_V2;Fichier total
Exp22DM08-Inoc1-T6-P4;3.0;1.0;3.0;0.0;;;c;4;Exp22DM08_inoc1_saisie_V2;Fichier total
Exp22DM08-Inoc1-T6-P5;5.0;1.0;5.0;1.0;5.0;5.0;a;1;Exp22DM08_inoc1_saisie_V2;Fichier total
Exp22DM08-Inoc1-T6-P5;3.0;1.0;3.0;1.0;5.0;5.0;b;1;Exp22DM08_inoc1_saisie_V2;Fichier total
Exp22DM08-Inoc1-T6-P5;5.0;1.0;3.0;1.0;5.0;5.0;c;1;Exp22DM08_inoc1_saisie_V2;Fichier total
Exp22DM08-Inoc1-T6-P5;7.0;1.0;9.0;1.0;7.0;7.0;a;2;Exp22DM08_inoc1_saisie_V2;Fichier total
Exp22DM08-Inoc1-T6-P5;7.0;1.0;9.0;1.0;5.0;7.0;b;2;Exp22DM08_inoc1_saisie_V2;Fichier total
Exp22DM08-Inoc1-T6-P5;7.0;1.0;9.0;1.0;5.0;7.0;c;2;Exp22DM08_inoc1_saisie_V2;Fichier total
Exp22DM08-Inoc1-T6-P5;3.0;1.0;5.0;0.0;;;a;3;Exp22DM08_inoc1_saisie_V2;Fichier total
Exp22DM08-Inoc1-T6-P5;3.0;1.0;5.0;0.0;;;b;3;Exp22DM08_inoc1_saisie_V2;Fichier total
Exp22DM08-Inoc1-T6-P5;3.0;1.0;5.0;1.0;7.0;5.0;c;3;Exp22DM08_inoc1_saisie_V2;Fichier total
Exp22DM08-Inoc1-T6-P5;7.0;1.0;5.0;1.0;9.0;9.0;a;4;Exp22DM08_inoc1_saisie_V2;Fichier total
Exp22DM08-Inoc1-T6-P5;5.0;1.0;5.0;1.0;9.0;9.0;b;4;Exp22DM08_inoc1_saisie_V2;Fichier total
Exp22DM08-Inoc1-T6-P5;5.0;1.0;5.0;1.0;9.0;9.0;c;4;Exp22DM08_inoc1_saisie_V2;Fichier total
Exp22DM08-Inoc1-T6-P6;7.0;1.0;5.0;1.0;9.0;9.0;a;1;Exp22DM08_inoc1_saisie_V2;Fichier total
Exp22DM08-Inoc1-T6-P6;5.0;1.0;7.0;1.0;7.0;7.0;b;1;Exp22DM08_inoc1_saisie_V2;Fichier total
Exp22DM08-Inoc1-T6-P6;7.0;1.0;5.0;1.0;7.0;9.0;c;1;Exp22DM08_inoc1_saisie_V2;Fichier total
Exp22DM08-Inoc1-T6-P6;9.0;0.0;;1.0;7.0;9.0;a;2;Exp22DM08_inoc1_saisie_V2;Fichier total
Exp22DM08-Inoc1-T6-P6;9.0;0.0;;1.0;7.0;9.0;b;2;Exp22DM08_inoc1_saisie_V2;Fichier total
Exp22DM08-Inoc1-T6-P6;9.0;0.0;;1.0;7.0;9.0;c;2;Exp22DM08_inoc1_saisie_V2;Fichier total
Exp22DM08-Inoc1-T6-P6;9.0;0.0;;1.0;5.0;9.0;a;3;Exp22DM08_inoc1_saisie_V2;Fichier total
Exp22DM08-Inoc1-T6-P6;9.0;0.0;;1.0;7.0;9.0;b;3;Exp22DM08_inoc1_saisie_V2;Fichier total
Exp22DM08-Inoc1-T6-P6;9.0;0.0;;1.0;5.0;9.0;c;3;Exp22DM08_inoc1_saisie_V2;Fichier total
Exp22DM08-Inoc1-T6-P6;5.0;1.0;5.0;0.0;;;a;4;Exp22DM08_inoc1_saisie_V2;Fichier total
Exp22DM08-Inoc1-T6-P6;5.0;1.0;5.0;0.0;;;b;4;Exp22DM08_inoc1_saisie_V2;Fichier total
Exp22DM08-Inoc1-T6-P6;5.0;1.0;5.0;0.0;;;c;4;Exp22DM08_inoc1_saisie_V2;Fichier total
Exp22DM08-Inoc1-T6-P7;7.0;1.0;7.0;1.0;7.0;5.0;a;1;Exp22DM08_inoc1_saisie_V2;Fichier total
Exp22DM08-Inoc1-T6-P7;5.0;1.0;9.0;1.0;5.0;3.0;b;1;Exp22DM08_inoc1_saisie_V2;Fichier total
Exp22DM08-Inoc1-T6-P7;5.0;1.0;9.0;1.0;3.0;3.0;c;1;Exp22DM08_inoc1_saisie_V2;Fichier total
Exp22DM08-Inoc1-T6-P7;5.0;1.0;7.0;0.0;;;a;2;Exp22DM08_inoc1_saisie_V2;Fichier total
Exp22DM08-Inoc1-T6-P7;5.0;1.0;7.0;0.0;;;b;2;Exp22DM08_inoc1_saisie_V2;Fichier total
Exp22DM08-Inoc1-T6-P7;5.0;1.0;5.0;0.0;;;c;2;Exp22DM08_inoc1_saisie_V2;Fichier total
Exp22DM08-Inoc1-T6-P7;7.0;1.0;9.0;1.0;5.0;5.0;a;3;Exp22DM08_inoc1_saisie_V2;Fichier total
Exp22DM08-Inoc1-T6-P7;9.0;0.0;;1.0;5.0;5.0;b;3;Exp22DM08_inoc1_saisie_V2;Fichier total
Exp22DM08-Inoc1-T6-P7;9.0;0.0;;1.0;3.0;5.0;c;3;Exp22DM08_inoc1_saisie_V2;Fichier total
Exp22DM08-Inoc1-T6-P7;3.0;1.0;5.0;0.0;;;a;4;Exp22DM08_inoc1_saisie_V2;Fichier total
Exp22DM08-Inoc1-T6-P7;7.0;1.0;9.0;1.0;9.0;7.0;b;4;Exp22DM08_inoc1_saisie_V2;Fichier total
Exp22DM08-Inoc1-T6-P7;7.0;1.0;9.0;1.0;7.0;7.0;c;4;Exp22DM08_inoc1_saisie_V2;Fichier total
Exp22DM08-Inoc1-T6-P8;5.0;1.0;3.0;1.0;5.0;5.0;a;1;Exp22DM08_inoc1_saisie_V2;Fichier total
Exp22DM08-Inoc1-T6-P8;5.0;1.0;3.0;1.0;5.0;5.0;b;1;Exp22DM08_inoc1_saisie_V2;Fichier total
Exp22DM08-Inoc1-T6-P8;5.0;1.0;5.0;1.0;5.0;5.0;c;1;Exp22DM08_inoc1_saisie_V2;Fichier total
Exp22DM08-Inoc1-T6-P8;5.0;1.0;7.0;1.0;3.0;5.0;a;2;Exp22DM08_inoc1_saisie_V2;Fichier total
Exp22DM08-Inoc1-T6-P8;7.0;1.0;7.0;1.0;7.0;3.0;b;2;Exp22DM08_inoc1_saisie_V2;Fichier total
Exp22DM08-Inoc1-T6-P8;7.0;1.0;7.0;1.0;5.0;3.0;c;2;Exp22DM08_inoc1_saisie_V2;Fichier total
Exp22DM08-Inoc1-T6-P8;5.0;1.0;3.0;1.0;5.0;5.0;a;3;Exp22DM08_inoc1_saisie_V2;Fichier total
Exp22DM08-Inoc1-T6-P8;5.0;1.0;3.0;1.0;9.0;5.0;b;3;Exp22DM08_inoc1_saisie_V2;Fichier total
Exp22DM08-Inoc1-T6-P8;5.0;1.0;5.0;1.0;5.0;5.0;c;3;Exp22DM08_inoc1_saisie_V2;Fichier total
Exp22DM08-Inoc1-T6-P8;9.0;0.0;;1.0;9.0;7.0;a;4;Exp22DM08_inoc1_saisie_V2;Fichier total
Exp22DM08-Inoc1-T6-P8;9.0;0.0;;0.0;;;b;4;Exp22DM08_inoc1_saisie_V2;Fichier total
Exp22DM08-Inoc1-T6-P8;9.0;0.0;;0.0;;;c;4;Exp22DM08_inoc1_saisie_V2;Fichier total
Exp22DM08-Inoc1-T6-P9;7.0;1.0;7.0;1.0;3.0;5.0;a;1;Exp22DM08_inoc1_saisie_V2;Fichier total
Exp22DM08-Inoc1-T6-P9;7.0;1.0;7.0;1.0;3.0;5.0;b;1;Exp22DM08_inoc1_saisie_V2;Fichier total
Exp22DM08-Inoc1-T6-P9;7.0;1.0;9.0;1.0;3.0;5.0;c;1;Exp22DM08_inoc1_saisie_V2;Fichier total
Exp22DM08-Inoc1-T6-P9;1.0;1.0;5.0;0.0;;;a;2;Exp22DM08_inoc1_saisie_V2;Fichier total
Exp22DM08-Inoc1-T6-P9;1.0;1.0;7.0;0.0;;;b;2;Exp22DM08_inoc1_saisie_V2;Fichier total
Exp22DM08-Inoc1-T6-P9;1.0;1.0;7.0;0.0;;;c;2;Exp22DM08_inoc1_saisie_V2;Fichier total
Exp22DM08-Inoc1-T6-P9;9.0;0.0;;1.0;9.0;7.0;a;3;Exp22DM08_inoc1_saisie_V2;Fichier total
Exp22DM08-Inoc1-T6-P9;9.0;0.0;;1.0;9.0;9.0;b;3;Exp22DM08_inoc1_saisie_V2;Fichier total
Exp22DM08-Inoc1-T6-P9;7.0;1.0;9.0;1.0;9.0;9.0;c;3;Exp22DM08_inoc1_saisie_V2;Fichier total
Exp22DM08-Inoc1-T6-P9;5.0;1.0;9.0;1.0;3.0;5.0;a;4;Exp22DM08_inoc1_saisie_V2;Fichier total
Exp22DM08-Inoc1-T6-P9;5.0;1.0;7.0;1.0;3.0;5.0;b;4;Exp22DM08_inoc1_saisie_V2;Fichier total
Exp22DM08-Inoc1-T6-P9;5.0;1.0;9.0;1.0;3.0;5.0;c;4;Exp22DM08_inoc1_saisie_V2;Fichier total
Exp22DM08-Inoc1-T6-P10;5.0;1.0;5.0;1.0;5.0;5.0;a;1;Exp22DM08_inoc1_saisie_V2;Fichier total
Exp22DM08-Inoc1-T6-P10;5.0;1.0;5.0;1.0;7.0;5.0;b;1;Exp22DM08_inoc1_saisie_V2;Fichier total
Exp22DM08-Inoc1-T6-P10;5.0;1.0;5.0;1.0;5.0;5.0;c;1;Exp22DM08_inoc1_saisie_V2;Fichier total
Exp22DM08-Inoc1-T6-P10;7.0;1.0;9.0;1.0;9.0;7.0;a;2;Exp22DM08_inoc1_saisie_V2;Fichier total
Exp22DM08-Inoc1-T6-P10;7.0;1.0;9.0;1.0;9.0;5.0;b;2;Exp22DM08_inoc1_saisie_V2;Fichier total
Exp22DM08-Inoc1-T6-P10;5.0;1.0;7.0;1.0;5.0;5.0;c;2;Exp22DM08_inoc1_saisie_V2;Fichier total
Exp22DM08-Inoc1-T6-P10;7.0;1.0;5.0;1.0;5.0;5.0;a;3;Exp22DM08_inoc1_saisie_V2;Fichier total
Exp22DM08-Inoc1-T6-P10;7.0;1.0;5.0;1.0;5.0;5.0;b;3;Exp22DM08_inoc1_saisie_V2;Fichier total
Exp22DM08-Inoc1-T6-P10;7.0;1.0;5.0;1.0;5.0;5.0;c;3;Exp22DM08_inoc1_saisie_V2;Fichier total
Exp22DM08-Inoc1-T6-P10;3.0;1.0;1.0;0.0;;;a;4;Exp22DM08_inoc1_saisie_V2;Fichier total
Exp22DM08-Inoc1-T6-P10;3.0;1.0;1.0;0.0;;;b;4;Exp22DM08_inoc1_saisie_V2;Fichier total
Exp22DM08-Inoc1-T6-P10;3.0;1.0;1.0;0.0;;;c;4;Exp22DM08_inoc1_saisie_V2;Fichier total
Exp22DM08-Inoc1-T6-P11;5.0;1.0;5.0;1.0;5.0;5.0;a;1;Exp22DM08_inoc1_saisie_V2;Fichier total
Exp22DM08-Inoc1-T6-P11;5.0;1.0;3.0;1.0;5.0;5.0;b;1;Exp22DM08_inoc1_saisie_V2;Fichier total
Exp22DM08-Inoc1-T6-P11;5.0;1.0;3.0;1.0;5.0;5.0;c;1;Exp22DM08_inoc1_saisie_V2;Fichier total
Exp22DM08-Inoc1-T6-P11;7.0;1.0;7.0;1.0;7.0;5.0;a;2;Exp22DM08_inoc1_saisie_V2;Fichier total
Exp22DM08-Inoc1-T6-P11;7.0;1.0;5.0;1.0;5.0;7.0;b;2;Exp22DM08_inoc1_saisie_V2;Fichier total
Exp22DM08-Inoc1-T6-P11;7.0;1.0;7.0;1.0;7.0;5.0;c;2;Exp22DM08_inoc1_saisie_V2;Fichier total
Exp22DM08-Inoc1-T6-P11;5.0;1.0;5.0;1.0;5.0;7.0;a;3;Exp22DM08_inoc1_saisie_V2;Fichier total
Exp22DM08-Inoc1-T6-P11;5.0;1.0;5.0;1.0;9.0;7.0;b;3;Exp22DM08_inoc1_saisie_V2;Fichier total
Exp22DM08-Inoc1-T6-P11;7.0;1.0;7.0;1.0;7.0;7.0;c;3;Exp22DM08_inoc1_saisie_V2;Fichier total
Exp22DM08-Inoc1-T6-P11;7.0;1.0;9.0;0.0;;;a;4;Exp22DM08_inoc1_saisie_V2;Fichier total
Exp22DM08-Inoc1-T6-P11;7.0;1.0;9.0;1.0;7.0;7.0;b;4;Exp22DM08_inoc1_saisie_V2;Fichier total
Exp22DM08-Inoc1-T6-P11;7.0;1.0;9.0;0.0;;;c;4;Exp22DM08_inoc1_saisie_V2;Fichier total
Exp22DM08-Inoc1-T6-P12;9.0;0.0;;1.0;5.0;7.0;a;1;Exp22DM08_inoc1_saisie_V2;Fichier total
Exp22DM08-Inoc1-T6-P12;7.0;1.0;9.0;1.0;5.0;7.0;b;1;Exp22DM08_inoc1_saisie_V2;Fichier total
Exp22DM08-Inoc1-T6-P12;7.0;1.0;9.0;1.0;5.0;7.0;c;1;Exp22DM08_inoc1_saisie_V2;Fichier total
Exp22DM08-Inoc1-T6-P12;3.0;1.0;5.0;0.0;;;a;2;Exp22DM08_inoc1_saisie_V2;Fichier total
Exp22DM08-Inoc1-T6-P12;3.0;1.0;5.0;0.0;;;b;2;Exp22DM08_inoc1_saisie_V2;Fichier total
Exp22DM08-Inoc1-T6-P12;3.0;1.0;5.0;0.0;;;c;2;Exp22DM08_inoc1_saisie_V2;Fichier total
Exp22DM08-Inoc1-T6-P12;3.0;1.0;5.0;0.0;;;a;3;Exp22DM08_inoc1_saisie_V2;Fichier total
Exp22DM08-Inoc1-T6-P12;3.0;1.0;5.0;0.0;;;b;3;Exp22DM08_inoc1_saisie_V2;Fichier total
Exp22DM08-Inoc1-T6-P12;3.0;1.0;1.0;0.0;;;c;3;Exp22DM08_inoc1_saisie_V2;Fichier total
Exp22DM08-Inoc1-T6-P12;7.0;1.0;9.0;1.0;5.0;7.0;a;4;Exp22DM08_inoc1_saisie_V2;Fichier total
Exp22DM08-Inoc1-T6-P12;7.0;1.0;9.0;1.0;5.0;7.0;b;4;Exp22DM08_inoc1_saisie_V2;Fichier total
Exp22DM08-Inoc1-T6-P12;7.0;1.0;9.0;1.0;7.0;7.0;c;4;Exp22DM08_inoc1_saisie_V2;Fichier total
Exp22DM08-Inoc1-T6-P13;7.0;1.0;5.0;1.0;5.0;9.0;a;1;Exp22DM08_inoc1_saisie_V2;Fichier total
Exp22DM08-Inoc1-T6-P13;7.0;1.0;9.0;1.0;5.0;5.0;b;1;Exp22DM08_inoc1_saisie_V2;Fichier total
Exp22DM08-Inoc1-T6-P13;5.0;1.0;7.0;1.0;7.0;7.0;c;1;Exp22DM08_inoc1_saisie_V2;Fichier total
Exp22DM08-Inoc1-T6-P13;7.0;1.0;9.0;1.0;3.0;5.0;a;2;Exp22DM08_inoc1_saisie_V2;Fichier total
Exp22DM08-Inoc1-T6-P13;7.0;1.0;9.0;1.0;3.0;5.0;b;2;Exp22DM08_inoc1_saisie_V2;Fichier total
Exp22DM08-Inoc1-T6-P13;7.0;1.0;9.0;1.0;3.0;5.0;c;2;Exp22DM08_inoc1_saisie_V2;Fichier total
Exp22DM08-Inoc1-T6-P13;9.0;0.0;;1.0;7.0;5.0;a;3;Exp22DM08_inoc1_saisie_V2;Fichier total
Exp22DM08-Inoc1-T6-P13;9.0;0.0;;1.0;5.0;5.0;b;3;Exp22DM08_inoc1_saisie_V2;Fichier total
Exp22DM08-Inoc1-T6-P13;9.0;0.0;;1.0;7.0;5.0;c;3;Exp22DM08_inoc1_saisie_V2;Fichier total
Exp22DM08-Inoc1-T6-P13;7.0;1.0;9.0;1.0;7.0;7.0;a;4;Exp22DM08_inoc1_saisie_V2;Fichier total
Exp22DM08-Inoc1-T6-P13;7.0;1.0;9.0;1.0;7.0;7.0;b;4;Exp22DM08_inoc1_saisie_V2;Fichier total
Exp22DM08-Inoc1-T6-P13;7.0;1.0;9.0;1.0;7.0;7.0;c;4;Exp22DM08_inoc1_saisie_V2;Fichier total
Exp22DM08-Inoc1-T6-P14;5.0;1.0;1.0;0.0;;;a;1;Exp22DM08_inoc1_saisie_V2;Fichier total
Exp22DM08-Inoc1-T6-P14;3.0;1.0;1.0;0.0;;;b;1;Exp22DM08_inoc1_saisie_V2;Fichier total
Exp22DM08-Inoc1-T6-P14;3.0;1.0;1.0;0.0;;;c;1;Exp22DM08_inoc1_saisie_V2;Fichier total
Exp22DM08-Inoc1-T6-P14;3.0;1.0;5.0;0.0;;;a;2;Exp22DM08_inoc1_saisie_V2;Fichier total
Exp22DM08-Inoc1-T6-P14;1.0;1.0;5.0;0.0;;;b;2;Exp22DM08_inoc1_saisie_V2;Fichier total
Exp22DM08-Inoc1-T6-P14;1.0;1.0;3.0;0.0;;;c;2;Exp22DM08_inoc1_saisie_V2;Fichier total
Exp22DM08-Inoc1-T6-P14;9.0;0.0;;1.0;9.0;7.0;a;3;Exp22DM08_inoc1_saisie_V2;Fichier total
Exp22DM08-Inoc1-T6-P14;7.0;1.0;7.0;1.0;9.0;7.0;b;3;Exp22DM08_inoc1_saisie_V2;Fichier total
Exp22DM08-Inoc1-T6-P14;5.0;1.0;7.0;1.0;9.0;9.0;c;3;Exp22DM08_inoc1_saisie_V2;Fichier total
Exp22DM08-Inoc1-T6-P14;7.0;1.0;9.0;1.0;5.0;5.0;a;4;Exp22DM08_inoc1_saisie_V2;Fichier total
Exp22DM08-Inoc1-T6-P14;7.0;1.0;9.0;1.0;5.0;5.0;b;4;Exp22DM08_inoc1_saisie_V2;Fichier total
Exp22DM08-Inoc1-T6-P14;7.0;1.0;9.0;1.0;5.0;5.0;c;4;Exp22DM08_inoc1_saisie_V2;Fichier total
Exp22DM08-Inoc1-T6-P15;7.0;1.0;9.0;0.0;;;a;1;Exp22DM08_inoc1_saisie_V2;Fichier total
Exp22DM08-Inoc1-T6-P15;7.0;1.0;9.0;1.0;7.0;7.0;b;1;Exp22DM08_inoc1_saisie_V2;Fichier total
Exp22DM08-Inoc1-T6-P15;7.0;1.0;9.0;1.0;9.0;7.0;c;1;Exp22DM08_inoc1_saisie_V2;Fichier total
Exp22DM08-Inoc1-T6-P15;7.0;1.0;9.0;1.0;7.0;7.0;a;2;Exp22DM08_inoc1_saisie_V2;Fichier total
Exp22DM08-Inoc1-T6-P15;7.0;1.0;9.0;1.0;9.0;7.0;b;2;Exp22DM08_inoc1_saisie_V2;Fichier total
Exp22DM08-Inoc1-T6-P15;7.0;1.0;9.0;1.0;5.0;7.0;c;2;Exp22DM08_inoc1_saisie_V2;Fichier total
Exp22DM08-Inoc1-T6-P15;5.0;1.0;3.0;1.0;9.0;5.0;a;3;Exp22DM08_inoc1_saisie_V2;Fichier total
Exp22DM08-Inoc1-T6-P15;3.0;1.0;3.0;0.0;;;b;3;Exp22DM08_inoc1_saisie_V2;Fichier total
Exp22DM08-Inoc1-T6-P15;5.0;1.0;3.0;0.0;;;c;3;Exp22DM08_inoc1_saisie_V2;Fichier total
Exp22DM08-Inoc1-T6-P15;7.0;1.0;7.0;1.0;7.0;7.0;a;4;Exp22DM08_inoc1_saisie_V2;Fichier total
Exp22DM08-Inoc1-T6-P15;5.0;1.0;7.0;0.0;;;b;4;Exp22DM08_inoc1_saisie_V2;Fichier total
Exp22DM08-Inoc1-T6-P15;5.0;1.0;7.0;0.0;;;c;4;Exp22DM08_inoc1_saisie_V2;Fichier total
Exp22DM08-Inoc1-T6-P16;7.0;1.0;9.0;1.0;5.0;5.0;a;1;Exp22DM08_inoc1_saisie_V2;Fichier total
Exp22DM08-Inoc1-T6-P16;7.0;1.0;9.0;0.0;;;b;1;Exp22DM08_inoc1_saisie_V2;Fichier total
Exp22DM08-Inoc1-T6-P16;7.0;1.0;9.0;1.0;5.0;5.0;c;1;Exp22DM08_inoc1_saisie_V2;Fichier total
Exp22DM08-Inoc1-T6-P16;5.0;1.0;7.0;1.0;5.0;5.0;a;2;Exp22DM08_inoc1_saisie_V2;Fichier total
Exp22DM08-Inoc1-T6-P16;5.0;1.0;3.0;1.0;5.0;5.0;b;2;Exp22DM08_inoc1_saisie_V2;Fichier total
Exp22DM08-Inoc1-T6-P16;7.0;1.0;5.0;1.0;5.0;5.0;c;2;Exp22DM08_inoc1_saisie_V2;Fichier total
Exp22DM08-Inoc1-T6-P16;5.0;1.0;1.0;0.0;;;a;3;Exp22DM08_inoc1_saisie_V2;Fichier total
Exp22DM08-Inoc1-T6-P16;5.0;1.0;1.0;0.0;;;b;3;Exp22DM08_inoc1_saisie_V2;Fichier total
Exp22DM08-Inoc1-T6-P16;5.0;1.0;1.0;0.0;;;c;3;Exp22DM08_inoc1_saisie_V2;Fichier total
Exp22DM08-Inoc1-T6-P16;7.0;1.0;9.0;1.0;7.0;7.0;a;4;Exp22DM08_inoc1_saisie_V2;Fichier total
Exp22DM08-Inoc1-T6-P16;7.0;1.0;9.0;1.0;5.0;5.0;b;4;Exp22DM08_inoc1_saisie_V2;Fichier total
Exp22DM08-Inoc1-T6-P16;7.0;1.0;9.0;1.0;5.0;5.0;c;4;Exp22DM08_inoc1_saisie_V2;Fichier total
Exp22DM08-Inoc1-T6-P17;5.0;1.0;3.0;1.0;5.0;5.0;a;1;Exp22DM08_inoc1_saisie_V2;Fichier total
Exp22DM08-Inoc1-T6-P17;3.0;1.0;1.0;0.0;;;b;1;Exp22DM08_inoc1_saisie_V2;Fichier total
Exp22DM08-Inoc1-T6-P17;3.0;1.0;1.0;0.0;;;c;1;Exp22DM08_inoc1_saisie_V2;Fichier total
Exp22DM08-Inoc1-T6-P17;7.0;1.0;9.0;1.0;5.0;5.0;a;2;Exp22DM08_inoc1_saisie_V2;Fichier total
Exp22DM08-Inoc1-T6-P17;7.0;1.0;9.0;1.0;7.0;5.0;b;2;Exp22DM08_inoc1_saisie_V2;Fichier total
Exp22DM08-Inoc1-T6-P17;7.0;1.0;9.0;1.0;9.0;7.0;c;2;Exp22DM08_inoc1_saisie_V2;Fichier total
Exp22DM08-Inoc1-T6-P17;5.0;1.0;3.0;0.0;;;a;3;Exp22DM08_inoc1_saisie_V2;Fichier total
Exp22DM08-Inoc1-T6-P17;3.0;1.0;3.0;0.0;;;b;3;Exp22DM08_inoc1_saisie_V2;Fichier total
Exp22DM08-Inoc1-T6-P17;3.0;1.0;3.0;0.0;;;c;3;Exp22DM08_inoc1_saisie_V2;Fichier total
Exp22DM08-Inoc1-T6-P17;9.0;0.0;;1.0;9.0;9.0;a;4;Exp22DM08_inoc1_saisie_V2;Fichier total
Exp22DM08-Inoc1-T6-P17;9.0;0.0;;1.0;7.0;7.0;b;4;Exp22DM08_inoc1_saisie_V2;Fichier total
Exp22DM08-Inoc1-T6-P17;9.0;0.0;;1.0;7.0;7.0;c;4;Exp22DM08_inoc1_saisie_V2;Fichier total
Exp22DM08-Inoc1-T6-P18;5.0;1.0;7.0;1.0;5.0;5.0;a;1;Exp22DM08_inoc1_saisie_V2;Fichier total
Exp22DM08-Inoc1-T6-P18;5.0;1.0;7.0;1.0;5.0;5.0;b;1;Exp22DM08_inoc1_saisie_V2;Fichier total
Exp22DM08-Inoc1-T6-P18;7.0;1.0;7.0;1.0;5.0;5.0;c;1;Exp22DM08_inoc1_saisie_V2;Fichier total
Exp22DM08-Inoc1-T6-P18;5.0;1.0;7.0;1.0;5.0;5.0;a;2;Exp22DM08_inoc1_saisie_V2;Fichier total
Exp22DM08-Inoc1-T6-P18;5.0;1.0;7.0;1.0;5.0;5.0;b;2;Exp22DM08_inoc1_saisie_V2;Fichier total
Exp22DM08-Inoc1-T6-P18;7.0;1.0;9.0;1.0;5.0;3.0;c;2;Exp22DM08_inoc1_saisie_V2;Fichier total
Exp22DM08-Inoc1-T6-P18;5.0;1.0;7.0;1.0;5.0;7.0;a;3;Exp22DM08_inoc1_saisie_V2;Fichier total
Exp22DM08-Inoc1-T6-P18;5.0;1.0;7.0;1.0;5.0;7.0;b;3;Exp22DM08_inoc1_saisie_V2;Fichier total
Exp22DM08-Inoc1-T6-P18;5.0;1.0;7.0;1.0;5.0;3.0;c;3;Exp22DM08_inoc1_saisie_V2;Fichier total
Exp22DM08-Inoc1-T6-P18;7.0;1.0;3.0;0.0;;;a;4;Exp22DM08_inoc1_saisie_V2;Fichier total
Exp22DM08-Inoc1-T6-P18;7.0;1.0;3.0;0.0;;;b;4;Exp22DM08_inoc1_saisie_V2;Fichier total
Exp22DM08-Inoc1-T6-P18;7.0;1.0;5.0;0.0;;;c;4;Exp22DM08_inoc1_saisie_V2;Fichier total
Exp22DM08-Inoc1-T6-P19;9.0;0.0;;1.0;7.0;5.0;a;1;Exp22DM08_inoc1_saisie_V2;Fichier total
Exp22DM08-Inoc1-T6-P19;9.0;0.0;;1.0;5.0;5.0;b;1;Exp22DM08_inoc1_saisie_V2;Fichier total
Exp22DM08-Inoc1-T6-P19;9.0;0.0;;1.0;5.0;5.0;c;1;Exp22DM08_inoc1_saisie_V2;Fichier total
Exp22DM08-Inoc1-T6-P19;9.0;0.0;;1.0;9.0;7.0;a;2;Exp22DM08_inoc1_saisie_V2;Fichier total
Exp22DM08-Inoc1-T6-P19;9.0;0.0;;1.0;9.0;7.0;b;2;Exp22DM08_inoc1_saisie_V2;Fichier total
Exp22DM08-Inoc1-T6-P19;9.0;0.0;;1.0;9.0;7.0;c;2;Exp22DM08_inoc1_saisie_V2;Fichier total
Exp22DM08-Inoc1-T6-P19;7.0;1.0;9.0;1.0;5.0;3.0;a;3;Exp22DM08_inoc1_saisie_V2;Fichier total
Exp22DM08-Inoc1-T6-P19;7.0;1.0;9.0;1.0;5.0;3.0;b;3;Exp22DM08_inoc1_saisie_V2;Fichier total
Exp22DM08-Inoc1-T6-P19;7.0;1.0;9.0;1.0;3.0;3.0;c;3;Exp22DM08_inoc1_saisie_V2;Fichier total
Exp22DM08-Inoc1-T6-P19;7.0;1.0;7.0;0.0;;;a;4;Exp22DM08_inoc1_saisie_V2;Fichier total
Exp22DM08-Inoc1-T6-P19;7.0;1.0;7.0;1.0;5.0;7.0;b;4;Exp22DM08_inoc1_saisie_V2;Fichier total
Exp22DM08-Inoc1-T6-P19;7.0;1.0;7.0;1.0;5.0;7.0;c;4;Exp22DM08_inoc1_saisie_V2;Fichier total
Exp22DM08-Inoc1-T6-P20;5.0;1.0;1.0;0.0;;;a;1;Exp22DM08_inoc1_saisie_V2;Fichier total
Exp22DM08-Inoc1-T6-P20;5.0;1.0;1.0;0.0;;;b;1;Exp22DM08_inoc1_saisie_V2;Fichier total
Exp22DM08-Inoc1-T6-P20;5.0;1.0;1.0;0.0;;;c;1;Exp22DM08_inoc1_saisie_V2;Fichier total
Exp22DM08-Inoc1-T6-P20;7.0;1.0;7.0;1.0;5.0;3.0;a;2;Exp22DM08_inoc1_saisie_V2;Fichier total
Exp22DM08-Inoc1-T6-P20;5.0;1.0;7.0;1.0;5.0;3.0;b;2;Exp22DM08_inoc1_saisie_V2;Fichier total
Exp22DM08-Inoc1-T6-P20;5.0;1.0;7.0;1.0;5.0;1.0;c;2;Exp22DM08_inoc1_saisie_V2;Fichier total
Exp22DM08-Inoc1-T6-P20;7.0;1.0;7.0;1.0;5.0;5.0;a;3;Exp22DM08_inoc1_saisie_V2;Fichier total
Exp22DM08-Inoc1-T6-P20;5.0;1.0;7.0;1.0;5.0;5.0;b;3;Exp22DM08_inoc1_saisie_V2;Fichier total
Exp22DM08-Inoc1-T6-P20;7.0;1.0;7.0;1.0;5.0;7.0;c;3;Exp22DM08_inoc1_saisie_V2;Fichier total
Exp22DM08-Inoc1-T6-P20;7.0;1.0;9.0;1.0;9.0;7.0;a;4;Exp22DM08_inoc1_saisie_V2;Fichier total
Exp22DM08-Inoc1-T6-P20;7.0;1.0;9.0;1.0;9.0;7.0;b;4;Exp22DM08_inoc1_saisie_V2;Fichier total
Exp22DM08-Inoc1-T6-P20;7.0;1.0;9.0;1.0;7.0;7.0;c;4;Exp22DM08_inoc1_saisie_V2;Fichier total
Exp22DM08-Inoc1-T6-P21;7.0;1.0;5.0;1.0;7.0;9.0;a;1;Exp22DM08_inoc1_saisie_V2;Fichier total
Exp22DM08-Inoc1-T6-P21;5.0;1.0;5.0;1.0;7.0;9.0;b;1;Exp22DM08_inoc1_saisie_V2;Fichier total
Exp22DM08-Inoc1-T6-P21;5.0;1.0;5.0;0.0;;;c;1;Exp22DM08_inoc1_saisie_V2;Fichier total
Exp22DM08-Inoc1-T6-P21;7.0;1.0;9.0;1.0;5.0;7.0;a;2;Exp22DM08_inoc1_saisie_V2;Fichier total
Exp22DM08-Inoc1-T6-P21;7.0;1.0;9.0;1.0;5.0;7.0;b;2;Exp22DM08_inoc1_saisie_V2;Fichier total
Exp22DM08-Inoc1-T6-P21;7.0;1.0;9.0;1.0;5.0;3.0;c;2;Exp22DM08_inoc1_saisie_V2;Fichier total
Exp22DM08-Inoc1-T6-P21;7.0;1.0;9.0;1.0;3.0;3.0;a;3;Exp22DM08_inoc1_saisie_V2;Fichier total
Exp22DM08-Inoc1-T6-P21;7.0;1.0;9.0;1.0;3.0;3.0;b;3;Exp22DM08_inoc1_saisie_V2;Fichier total
Exp22DM08-Inoc1-T6-P21;7.0;1.0;9.0;1.0;3.0;3.0;c;3;Exp22DM08_inoc1_saisie_V2;Fichier total
Exp22DM08-Inoc1-T6-P21;5.0;1.0;3.0;1.0;5.0;7.0;a;4;Exp22DM08_inoc1_saisie_V2;Fichier total
Exp22DM08-Inoc1-T6-P21;3.0;1.0;3.0;0.0;;;b;4;Exp22DM08_inoc1_saisie_V2;Fichier total
Exp22DM08-Inoc1-T6-P21;5.0;1.0;3.0;0.0;;;c;4;Exp22DM08_inoc1_saisie_V2;Fichier total
Exp22DM08-Inoc1-T6-P22;5.0;1.0;5.0;0.0;;;a;1;Exp22DM08_inoc1_saisie_V2;Fichier total
Exp22DM08-Inoc1-T6-P22;5.0;1.0;3.0;0.0;;;b;1;Exp22DM08_inoc1_saisie_V2;Fichier total
Exp22DM08-Inoc1-T6-P22;1.0;1.0;5.0;0.0;;;c;1;Exp22DM08_inoc1_saisie_V2;Fichier total
Exp22DM08-Inoc1-T6-P22;7.0;1.0;9.0;1.0;7.0;7.0;a;2;Exp22DM08_inoc1_saisie_V2;Fichier total
Exp22DM08-Inoc1-T6-P22;7.0;1.0;9.0;1.0;7.0;7.0;b;2;Exp22DM08_inoc1_saisie_V2;Fichier total
Exp22DM08-Inoc1-T6-P22;7.0;1.0;9.0;1.0;5.0;5.0;c;2;Exp22DM08_inoc1_saisie_V2;Fichier total
Exp22DM08-Inoc1-T6-P22;9.0;0.0;;1.0;9.0;7.0;a;3;Exp22DM08_inoc1_saisie_V2;Fichier total
Exp22DM08-Inoc1-T6-P22;9.0;0.0;;0.0;;;b;3;Exp22DM08_inoc1_saisie_V2;Fichier total
Exp22DM08-Inoc1-T6-P22;9.0;0.0;;0.0;;;c;3;Exp22DM08_inoc1_saisie_V2;Fichier total
Exp22DM08-Inoc1-T6-P22;9.0;0.0;;1.0;7.0;3.0;a;4;Exp22DM08_inoc1_saisie_V2;Fichier total
Exp22DM08-Inoc1-T6-P22;7.0;1.0;9.0;1.0;7.0;3.0;b;4;Exp22DM08_inoc1_saisie_V2;Fichier total
Exp22DM08-Inoc1-T6-P22;7.0;1.0;9.0;1.0;3.0;3.0;c;4;Exp22DM08_inoc1_saisie_V2;Fichier total
Exp22DM08-Inoc1-T6-P23;9.0;0.0;;1.0;9.0;7.0;a;1;Exp22DM08_inoc1_saisie_V2;Fichier total
Exp22DM08-Inoc1-T6-P23;9.0;0.0;;0.0;;;b;1;Exp22DM08_inoc1_saisie_V2;Fichier total
Exp22DM08-Inoc1-T6-P23;9.0;0.0;;0.0;;;c;1;Exp22DM08_inoc1_saisie_V2;Fichier total
Exp22DM08-Inoc1-T6-P23;7.0;1.0;9.0;1.0;5.0;5.0;a;2;Exp22DM08_inoc1_saisie_V2;Fichier total
Exp22DM08-Inoc1-T6-P23;7.0;1.0;7.0;1.0;5.0;3.0;b;2;Exp22DM08_inoc1_saisie_V2;Fichier total
Exp22DM08-Inoc1-T6-P23;7.0;1.0;7.0;1.0;5.0;3.0;c;2;Exp22DM08_inoc1_saisie_V2;Fichier total
Exp22DM08-Inoc1-T6-P23;7.0;1.0;9.0;0.0;;;a;3;Exp22DM08_inoc1_saisie_V2;Fichier total
Exp22DM08-Inoc1-T6-P23;5.0;1.0;7.0;0.0;;;b;3;Exp22DM08_inoc1_saisie_V2;Fichier total
Exp22DM08-Inoc1-T6-P23;5.0;1.0;7.0;0.0;;;c;3;Exp22DM08_inoc1_saisie_V2;Fichier total
Exp22DM08-Inoc1-T6-P23;7.0;1.0;9.0;1.0;5.0;5.0;a;4;Exp22DM08_inoc1_saisie_V2;Fichier total
Exp22DM08-Inoc1-T6-P23;9.0;0.0;;1.0;5.0;5.0;b;4;Exp22DM08_inoc1_saisie_V2;Fichier total
Exp22DM08-Inoc1-T6-P23;9.0;0.0;;1.0;5.0;5.0;c;4;Exp22DM08_inoc1_saisie_V2;Fichier total
Exp22DM08-Inoc1-T6-P24;7.0;1.0;7.0;0.0;;;a;1;Exp22DM08_inoc1_saisie_V2;Fichier total
Exp22DM08-Inoc1-T6-P24;5.0;1.0;7.0;0.0;;;b;1;Exp22DM08_inoc1_saisie_V2;Fichier total
Exp22DM08-Inoc1-T6-P24;5.0;1.0;7.0;0.0;;;c;1;Exp22DM08_inoc1_saisie_V2;Fichier total
Exp22DM08-Inoc1-T6-P24;7.0;1.0;7.0;1.0;7.0;5.0;a;2;Exp22DM08_inoc1_saisie_V2;Fichier total
Exp22DM08-Inoc1-T6-P24;9.0;0.0;;1.0;7.0;5.0;b;2;Exp22DM08_inoc1_saisie_V2;Fichier total
Exp22DM08-Inoc1-T6-P24;5.0;1.0;7.0;0.0;;;c;2;Exp22DM08_inoc1_saisie_V2;Fichier total
Exp22DM08-Inoc1-T6-P24;7.0;1.0;9.0;1.0;5.0;5.0;a;3;Exp22DM08_inoc1_saisie_V2;Fichier total
Exp22DM08-Inoc1-T6-P24;7.0;1.0;9.0;1.0;3.0;5.0;b;3;Exp22DM08_inoc1_saisie_V2;Fichier total
Exp22DM08-Inoc1-T6-P24;7.0;1.0;9.0;1.0;3.0;5.0;c;3;Exp22DM08_inoc1_saisie_V2;Fichier total
Exp22DM08-Inoc1-T6-P24;7.0;1.0;7.0;1.0;7.0;7.0;a;4;Exp22DM08_inoc1_saisie_V2;Fichier total
Exp22DM08-Inoc1-T6-P24;5.0;1.0;7.0;1.0;7.0;7.0;b;4;Exp22DM08_inoc1_saisie_V2;Fichier total
Exp22DM08-Inoc1-T6-P24;5.0;1.0;5.0;1.0;3.0;7.0;c;4;Exp22DM08_inoc1_saisie_V2;Fichier total
Exp22DM08-Inoc1-T6-P25;5.0;1.0;7.0;1.0;5.0;5.0;a;1;Exp22DM08_inoc1_saisie_V2;Fichier total
Exp22DM08-Inoc1-T6-P25;5.0;1.0;5.0;1.0;5.0;5.0;b;1;Exp22DM08_inoc1_saisie_V2;Fichier total
Exp22DM08-Inoc1-T6-P25;5.0;1.0;7.0;1.0;5.0;5.0;c;1;Exp22DM08_inoc1_saisie_V2;Fichier total
Exp22DM08-Inoc1-T6-P25;5.0;1.0;5.0;1.0;5.0;5.0;a;2;Exp22DM08_inoc1_saisie_V2;Fichier total
Exp22DM08-Inoc1-T6-P25;5.0;1.0;5.0;1.0;7.0;3.0;b;2;Exp22DM08_inoc1_saisie_V2;Fichier total
Exp22DM08-Inoc1-T6-P25;5.0;1.0;7.0;1.0;7.0;3.0;c;2;Exp22DM08_inoc1_saisie_V2;Fichier total
Exp22DM08-Inoc1-T6-P25;7.0;1.0;9.0;1.0;7.0;7.0;a;3;Exp22DM08_inoc1_saisie_V2;Fichier total
Exp22DM08-Inoc1-T6-P25;7.0;1.0;9.0;1.0;7.0;7.0;b;3;Exp22DM08_inoc1_saisie_V2;Fichier total
Exp22DM08-Inoc1-T6-P25;9.0;0.0;;1.0;9.0;9.0;c;3;Exp22DM08_inoc1_saisie_V2;Fichier total
Exp22DM08-Inoc1-T6-P25;5.0;1.0;5.0;1.0;7.0;7.0;a;4;Exp22DM08_inoc1_saisie_V2;Fichier total
Exp22DM08-Inoc1-T6-P25;5.0;1.0;5.0;1.0;5.0;5.0;b;4;Exp22DM08_inoc1_saisie_V2;Fichier total
Exp22DM08-Inoc1-T6-P25;5.0;1.0;5.0;0.0;;;c;4;Exp22DM08_inoc1_saisie_V2;Fichier total
Exp22DM08-Inoc1-T6-P26;9.0;0.0;;1.0;7.0;5.0;a;1;Exp22DM08_inoc1_saisie_V2;Fichier total
Exp22DM08-Inoc1-T6-P26;7.0;1.0;9.0;1.0;7.0;5.0;b;1;Exp22DM08_inoc1_saisie_V2;Fichier total
Exp22DM08-Inoc1-T6-P26;7.0;1.0;9.0;1.0;7.0;5.0;c;1;Exp22DM08_inoc1_saisie_V2;Fichier total
Exp22DM08-Inoc1-T6-P26;5.0;1.0;3.0;1.0;5.0;3.0;a;2;Exp22DM08_inoc1_saisie_V2;Fichier total
Exp22DM08-Inoc1-T6-P26;5.0;1.0;3.0;1.0;7.0;5.0;b;2;Exp22DM08_inoc1_saisie_V2;Fichier total
Exp22DM08-Inoc1-T6-P26;5.0;1.0;5.0;1.0;7.0;7.0;c;2;Exp22DM08_inoc1_saisie_V2;Fichier total
Exp22DM08-Inoc1-T6-P26;1.0;1.0;5.0;0.0;;;a;3;Exp22DM08_inoc1_saisie_V2;Fichier total
Exp22DM08-Inoc1-T6-P26;5.0;1.0;5.0;1.0;7.0;3.0;b;3;Exp22DM08_inoc1_saisie_V2;Fichier total
Exp22DM08-Inoc1-T6-P26;3.0;1.0;3.0;0.0;;;c;3;Exp22DM08_inoc1_saisie_V2;Fichier total
Exp22DM08-Inoc1-T6-P26;7.0;1.0;9.0;1.0;7.0;3.0;a;4;Exp22DM08_inoc1_saisie_V2;Fichier total
Exp22DM08-Inoc1-T6-P26;5.0;1.0;9.0;1.0;5.0;7.0;b;4;Exp22DM08_inoc1_saisie_V2;Fichier total
Exp22DM08-Inoc1-T6-P26;7.0;1.0;7.0;1.0;5.0;3.0;c;4;Exp22DM08_inoc1_saisie_V2;Fichier total
Exp22DM08-Inoc1-T6-P27;3.0;1.0;3.0;0.0;;;a;1;Exp22DM08_inoc1_saisie_V2;Fichier total
Exp22DM08-Inoc1-T6-P27;5.0;1.0;3.0;0.0;;;b;1;Exp22DM08_inoc1_saisie_V2;Fichier total
Exp22DM08-Inoc1-T6-P27;5.0;1.0;1.0;0.0;;;c;1;Exp22DM08_inoc1_saisie_V2;Fichier total
Exp22DM08-Inoc1-T6-P27;3.0;1.0;5.0;0.0;;;a;2;Exp22DM08_inoc1_saisie_V2;Fichier total
Exp22DM08-Inoc1-T6-P27;3.0;1.0;7.0;0.0;;;b;2;Exp22DM08_inoc1_saisie_V2;Fichier total
Exp22DM08-Inoc1-T6-P27;3.0;1.0;7.0;1.0;7.0;5.0;c;2;Exp22DM08_inoc1_saisie_V2;Fichier total
Exp22DM08-Inoc1-T6-P27;7.0;1.0;5.0;1.0;5.0;5.0;a;3;Exp22DM08_inoc1_saisie_V2;Fichier total
Exp22DM08-Inoc1-T6-P27;5.0;1.0;5.0;1.0;5.0;5.0;b;3;Exp22DM08_inoc1_saisie_V2;Fichier total
Exp22DM08-Inoc1-T6-P27;3.0;1.0;7.0;1.0;5.0;7.0;c;3;Exp22DM08_inoc1_saisie_V2;Fichier total
Exp22DM08-Inoc1-T6-P27;7.0;1.0;9.0;1.0;3.0;3.0;a;4;Exp22DM08_inoc1_saisie_V2;Fichier total
Exp22DM08-Inoc1-T6-P27;7.0;1.0;9.0;1.0;5.0;3.0;b;4;Exp22DM08_inoc1_saisie_V2;Fichier total
Exp22DM08-Inoc1-T6-P27;7.0;1.0;9.0;1.0;5.0;5.0;c;4;Exp22DM08_inoc1_saisie_V2;Fichier total
Exp22DM08-Inoc1-T6-P28;3.0;1.0;3.0;0.0;;;a;1;Exp22DM08_inoc1_saisie_V2;Fichier total
Exp22DM08-Inoc1-T6-P28;3.0;1.0;3.0;0.0;;;b;1;Exp22DM08_inoc1_saisie_V2;Fichier total
Exp22DM08-Inoc1-T6-P28;3.0;1.0;3.0;0.0;;;c;1;Exp22DM08_inoc1_saisie_V2;Fichier total
Exp22DM08-Inoc1-T6-P28;9.0;0.0;;1.0;9.0;9.0;a;2;Exp22DM08_inoc1_saisie_V2;Fichier total
Exp22DM08-Inoc1-T6-P28;9.0;0.0;;1.0;7.0;7.0;b;2;Exp22DM08_inoc1_saisie_V2;Fichier total
Exp22DM08-Inoc1-T6-P28;9.0;0.0;;1.0;9.0;9.0;c;2;Exp22DM08_inoc1_saisie_V2;Fichier total
Exp22DM08-Inoc1-T6-P28;3.0;1.0;1.0;0.0;;;a;3;Exp22DM08_inoc1_saisie_V2;Fichier total
Exp22DM08-Inoc1-T6-P28;1.0;1.0;3.0;0.0;;;b;3;Exp22DM08_inoc1_saisie_V2;Fichier total
Exp22DM08-Inoc1-T6-P28;1.0;1.0;3.0;0.0;;;c;3;Exp22DM08_inoc1_saisie_V2;Fichier total
Exp22DM08-Inoc1-T6-P28;3.0;1.0;1.0;0.0;;;a;4;Exp22DM08_inoc1_saisie_V2;Fichier total
Exp22DM08-Inoc1-T6-P28;3.0;1.0;1.0;0.0;;;b;4;Exp22DM08_inoc1_saisie_V2;Fichier total
Exp22DM08-Inoc1-T6-P28;5.0;1.0;1.0;0.0;;;c;4;Exp22DM08_inoc1_saisie_V2;Fichier total
Exp22DM08-Inoc1-T6-P29;7.0;1.0;9.0;1.0;5.0;7.0;a;1;Exp22DM08_inoc1_saisie_V2;Fichier total
Exp22DM08-Inoc1-T6-P29;9.0;0.0;;1.0;7.0;7.0;b;1;Exp22DM08_inoc1_saisie_V2;Fichier total
Exp22DM08-Inoc1-T6-P29;9.0;0.0;;1.0;7.0;7.0;c;1;Exp22DM08_inoc1_saisie_V2;Fichier total
Exp22DM08-Inoc1-T6-P29;3.0;1.0;3.0;1.0;9.0;5.0;a;2;Exp22DM08_inoc1_saisie_V2;Fichier total
Exp22DM08-Inoc1-T6-P29;3.0;1.0;3.0;0.0;;;b;2;Exp22DM08_inoc1_saisie_V2;Fichier total
Exp22DM08-Inoc1-T6-P29;3.0;1.0;3.0;0.0;;;c;2;Exp22DM08_inoc1_saisie_V2;Fichier total
Exp22DM08-Inoc1-T6-P31;5.0;1.0;5.0;0.0;;;a;1;Exp22DM08_inoc1_saisie_V2;Fichier total
Exp22DM08-Inoc1-T6-P31;3.0;1.0;5.0;1.0;9.0;7.0;b;1;Exp22DM08_inoc1_saisie_V2;Fichier total
Exp22DM08-Inoc1-T6-P31;3.0;1.0;5.0;1.0;9.0;7.0;c;1;Exp22DM08_inoc1_saisie_V2;Fichier total
Exp22DM08-Inoc1-T6-P31;5.0;1.0;5.0;0.0;;;a;2;Exp22DM08_inoc1_saisie_V2;Fichier total
Exp22DM08-Inoc1-T6-P31;5.0;1.0;3.0;0.0;;;b;2;Exp22DM08_inoc1_saisie_V2;Fichier total
Exp22DM08-Inoc1-T6-P31;3.0;1.0;5.0;0.0;;;c;2;Exp22DM08_inoc1_saisie_V2;Fichier total
Exp22DM08-Inoc1-T6-P31;7.0;1.0;5.0;1.0;9.0;7.0;a;3;Exp22DM08_inoc1_saisie_V2;Fichier total
Exp22DM08-Inoc1-T6-P31;5.0;1.0;5.0;1.0;5.0;7.0;b;3;Exp22DM08_inoc1_saisie_V2;Fichier total
Exp22DM08-Inoc1-T6-P31;7.0;1.0;5.0;1.0;5.0;7.0;c;3;Exp22DM08_inoc1_saisie_V2;Fichier total
Exp22DM08-Inoc1-T6-P31;7.0;1.0;9.0;1.0;7.0;9.0;a;4;Exp22DM08_inoc1_saisie_V2;Fichier total
Exp22DM08-Inoc1-T6-P31;7.0;1.0;9.0;1.0;5.0;9.0;b;4;Exp22DM08_inoc1_saisie_V2;Fichier total
Exp22DM08-Inoc1-T6-P31;7.0;1.0;9.0;1.0;5.0;9.0;c;4;Exp22DM08_inoc1_saisie_V2;Fichier total
Exp22DM08-Inoc1-T6-P32;9.0;0.0;;1.0;5.0;9.0;a;1;Exp22DM08_inoc1_saisie_V2;Fichier total
Exp22DM08-Inoc1-T6-P32;9.0;0.0;;1.0;5.0;9.0;b;1;Exp22DM08_inoc1_saisie_V2;Fichier total
Exp22DM08-Inoc1-T6-P32;9.0;0.0;;1.0;5.0;9.0;c;1;Exp22DM08_inoc1_saisie_V2;Fichier total
Exp22DM08-Inoc1-T6-P32;7.0;1.0;5.0;0.0;;;a;2;Exp22DM08_inoc1_saisie_V2;Fichier total
Exp22DM08-Inoc1-T6-P32;7.0;1.0;7.0;1.0;9.0;9.0;b;2;Exp22DM08_inoc1_saisie_V2;Fichier total
Exp22DM08-Inoc1-T6-P32;7.0;1.0;7.0;0.0;;;c;2;Exp22DM08_inoc1_saisie_V2;Fichier total
Exp22DM08-Inoc1-T6-P32;3.0;1.0;3.0;0.0;;;a;3;Exp22DM08_inoc1_saisie_V2;Fichier total
Exp22DM08-Inoc1-T6-P32;1.0;1.0;3.0;0.0;;;b;3;Exp22DM08_inoc1_saisie_V2;Fichier total
Exp22DM08-Inoc1-T6-P32;1.0;1.0;3.0;0.0;;;c;3;Exp22DM08_inoc1_saisie_V2;Fichier total
Exp22DM08-Inoc1-T6-P32;7.0;1.0;9.0;1.0;7.0;5.0;a;4;Exp22DM08_inoc1_saisie_V2;Fichier total
Exp22DM08-Inoc1-T6-P32;7.0;1.0;9.0;1.0;5.0;7.0;b;4;Exp22DM08_inoc1_saisie_V2;Fichier total
Exp22DM08-Inoc1-T6-P32;7.0;1.0;9.0;1.0;5.0;7.0;c;4;Exp22DM08_inoc1_saisie_V2;Fichier total
Exp22DM08-Inoc1-T6-P33;7.0;1.0;5.0;0.0;;;a;1;Exp22DM08_inoc1_saisie_V2;Fichier total
Exp22DM08-Inoc1-T6-P33;7.0;1.0;5.0;0.0;;;b;1;Exp22DM08_inoc1_saisie_V2;Fichier total
Exp22DM08-Inoc1-T6-P33;7.0;1.0;7.0;1.0;7.0;7.0;c;1;Exp22DM08_inoc1_saisie_V2;Fichier total
Exp22DM08-Inoc1-T6-P33;5.0;1.0;5.0;0.0;;;a;2;Exp22DM08_inoc1_saisie_V2;Fichier total
Exp22DM08-Inoc1-T6-P33;5.0;1.0;5.0;0.0;;;b;2;Exp22DM08_inoc1_saisie_V2;Fichier total
Exp22DM08-Inoc1-T6-P33;7.0;1.0;5.0;0.0;;;c;2;Exp22DM08_inoc1_saisie_V2;Fichier total
Exp22DM08-Inoc1-T6-P33;5.0;1.0;3.0;0.0;;;a;3;Exp22DM08_inoc1_saisie_V2;Fichier total
Exp22DM08-Inoc1-T6-P33;3.0;1.0;3.0;0.0;;;b;3;Exp22DM08_inoc1_saisie_V2;Fichier total
Exp22DM08-Inoc1-T6-P33;3.0;1.0;5.0;0.0;;;c;3;Exp22DM08_inoc1_saisie_V2;Fichier total
Exp22DM08-Inoc1-T6-P33;7.0;1.0;7.0;1.0;5.0;5.0;a;4;Exp22DM08_inoc1_saisie_V2;Fichier total
Exp22DM08-Inoc1-T6-P33;7.0;1.0;7.0;1.0;7.0;5.0;b;4;Exp22DM08_inoc1_saisie_V2;Fichier total
Exp22DM08-Inoc1-T6-P33;7.0;1.0;7.0;1.0;9.0;5.0;c;4;Exp22DM08_inoc1_saisie_V2;Fichier total
Exp22DM08-Inoc1-T6-P34;7.0;1.0;9.0;1.0;5.0;9.0;a;1;Exp22DM08_inoc1_saisie_V2;Fichier total
Exp22DM08-Inoc1-T6-P34;7.0;1.0;9.0;1.0;5.0;9.0;b;1;Exp22DM08_inoc1_saisie_V2;Fichier total
Exp22DM08-Inoc1-T6-P34;7.0;1.0;9.0;1.0;5.0;9.0;c;1;Exp22DM08_inoc1_saisie_V2;Fichier total
Exp22DM08-Inoc1-T6-P34;9.0;0.0;;1.0;5.0;9.0;a;2;Exp22DM08_inoc1_saisie_V2;Fichier total
Exp22DM08-Inoc1-T6-P34;9.0;0.0;;1.0;5.0;9.0;b;2;Exp22DM08_inoc1_saisie_V2;Fichier total
Exp22DM08-Inoc1-T6-P34;9.0;0.0;;1.0;5.0;9.0;c;2;Exp22DM08_inoc1_saisie_V2;Fichier total
Exp22DM08-Inoc1-T6-P34;5.0;1.0;5.0;0.0;;;a;3;Exp22DM08_inoc1_saisie_V2;Fichier total
Exp22DM08-Inoc1-T6-P34;7.0;1.0;3.0;0.0;;;b;3;Exp22DM08_inoc1_saisie_V2;Fichier total
Exp22DM08-Inoc1-T6-P34;3.0;1.0;5.0;0.0;;;c;3;Exp22DM08_inoc1_saisie_V2;Fichier total
Exp22DM08-Inoc1-T6-P34;5.0;1.0;5.0;0.0;;;a;4;Exp22DM08_inoc1_saisie_V2;Fichier total
Exp22DM08-Inoc1-T6-P34;3.0;1.0;5.0;0.0;;;b;4;Exp22DM08_inoc1_saisie_V2;Fichier total
Exp22DM08-Inoc1-T6-P34;3.0;1.0;5.0;0.0;;;c;4;Exp22DM08_inoc1_saisie_V2;Fichier total
Exp22DM08-Inoc1-T6-P35;1.0;1.0;3.0;0.0;;;a;1;Exp22DM08_inoc1_saisie_V2;Fichier total
Exp22DM08-Inoc1-T6-P35;1.0;1.0;3.0;0.0;;;b;1;Exp22DM08_inoc1_saisie_V2;Fichier total
Exp22DM08-Inoc1-T6-P35;1.0;1.0;3.0;0.0;;;c;1;Exp22DM08_inoc1_saisie_V2;Fichier total
Exp22DM08-Inoc1-T6-P35;7.0;1.0;7.0;1.0;5.0;5.0;a;2;Exp22DM08_inoc1_saisie_V2;Fichier total
Exp22DM08-Inoc1-T6-P35;5.0;1.0;7.0;1.0;5.0;5.0;b;2;Exp22DM08_inoc1_saisie_V2;Fichier total
Exp22DM08-Inoc1-T6-P35;5.0;1.0;7.0;1.0;5.0;5.0;c;2;Exp22DM08_inoc1_saisie_V2;Fichier total
Exp22DM08-Inoc1-T6-P35;3.0;1.0;5.0;1.0;9.0;9.0;a;3;Exp22DM08_inoc1_saisie_V2;Fichier total
Exp22DM08-Inoc1-T6-P35;3.0;1.0;5.0;1.0;9.0;9.0;b;3;Exp22DM08_inoc1_saisie_V2;Fichier total
Exp22DM08-Inoc1-T6-P35;1.0;1.0;5.0;1.0;9.0;9.0;c;3;Exp22DM08_inoc1_saisie_V2;Fichier total
Exp22DM08-Inoc1-T6-P35;3.0;1.0;3.0;0.0;;;a;4;Exp22DM08_inoc1_saisie_V2;Fichier total
Exp22DM08-Inoc1-T6-P35;7.0;1.0;9.0;0.0;;;b;4;Exp22DM08_inoc1_saisie_V2;Fichier total
Exp22DM08-Inoc1-T6-P35;5.0;1.0;3.0;0.0;;;c;4;Exp22DM08_inoc1_saisie_V2;Fichier total
Exp22DM08-Inoc1-T6-P36;7.0;1.0;7.0;1.0;7.0;9.0;a;1;Exp22DM08_inoc1_saisie_V2;Fichier total
Exp22DM08-Inoc1-T6-P36;5.0;1.0;7.0;1.0;7.0;7.0;b;1;Exp22DM08_inoc1_saisie_V2;Fichier total
Exp22DM08-Inoc1-T6-P36;7.0;1.0;7.0;1.0;7.0;9.0;c;1;Exp22DM08_inoc1_saisie_V2;Fichier total
Exp22DM08-Inoc1-T6-P36;9.0;0.0;;1.0;7.0;9.0;a;2;Exp22DM08_inoc1_saisie_V2;Fichier total
Exp22DM08-Inoc1-T6-P36;9.0;0.0;;1.0;9.0;9.0;b;2;Exp22DM08_inoc1_saisie_V2;Fichier total
Exp22DM08-Inoc1-T6-P36;7.0;1.0;9.0;1.0;5.0;9.0;c;2;Exp22DM08_inoc1_saisie_V2;Fichier total
Exp22DM08-Inoc1-T6-P36;9.0;0.0;;1.0;5.0;9.0;a;3;Exp22DM08_inoc1_saisie_V2;Fichier total
Exp22DM08-Inoc1-T6-P36;9.0;0.0;;1.0;5.0;9.0;b;3;Exp22DM08_inoc1_saisie_V2;Fichier total
Exp22DM08-Inoc1-T6-P36;9.0;0.0;;1.0;5.0;9.0;c;3;Exp22DM08_inoc1_saisie_V2;Fichier total
Exp22DM08-Inoc1-T6-P36;3.0;1.0;3.0;0.0;;;a;4;Exp22DM08_inoc1_saisie_V2;Fichier total
Exp22DM08-Inoc1-T6-P36;3.0;1.0;3.0;0.0;;;b;4;Exp22DM08_inoc1_saisie_V2;Fichier total
Exp22DM08-Inoc1-T6-P36;3.0;1.0;3.0;0.0;;;c;4;Exp22DM08_inoc1_saisie_V2;Fichier total
Exp22DM08-Inoc1-T6-P37;5.0;1.0;7.0;0.0;;;a;1;Exp22DM08_inoc1_saisie_V2;Fichier total
Exp22DM08-Inoc1-T6-P37;7.0;1.0;7.0;1.0;5.0;7.0;b;1;Exp22DM08_inoc1_saisie_V2;Fichier total
Exp22DM08-Inoc1-T6-P37;7.0;1.0;7.0;1.0;7.0;7.0;c;1;Exp22DM08_inoc1_saisie_V2;Fichier total
Exp22DM08-Inoc1-T6-P37;5.0;1.0;5.0;0.0;;;a;2;Exp22DM08_inoc1_saisie_V2;Fichier total
Exp22DM08-Inoc1-T6-P37;5.0;1.0;5.0;0.0;;;b;2;Exp22DM08_inoc1_saisie_V2;Fichier total
Exp22DM08-Inoc1-T6-P37;5.0;1.0;5.0;0.0;;;c;2;Exp22DM08_inoc1_saisie_V2;Fichier total
Exp22DM08-Inoc1-T6-P37;5.0;1.0;9.0;1.0;5.0;5.0;a;3;Exp22DM08_inoc1_saisie_V2;Fichier total
Exp22DM08-Inoc1-T6-P37;5.0;1.0;9.0;1.0;5.0;5.0;b;3;Exp22DM08_inoc1_saisie_V2;Fichier total
Exp22DM08-Inoc1-T6-P37;5.0;1.0;9.0;1.0;7.0;7.0;c;3;Exp22DM08_inoc1_saisie_V2;Fichier total
Exp22DM08-Inoc1-T6-P37;5.0;1.0;5.0;0.0;;;a;4;Exp22DM08_inoc1_saisie_V2;Fichier total
Exp22DM08-Inoc1-T6-P37;5.0;1.0;5.0;0.0;;;b;4;Exp22DM08_inoc1_saisie_V2;Fichier total
Exp22DM08-Inoc1-T6-P37;5.0;1.0;5.0;0.0;;;c;4;Exp22DM08_inoc1_saisie_V2;Fichier total
Exp22DM08-Inoc1-T6-P38;3.0;1.0;3.0;0.0;;;a;1;Exp22DM08_inoc1_saisie_V2;Fichier total
Exp22DM08-Inoc1-T6-P38;3.0;1.0;3.0;0.0;;;b;1;Exp22DM08_inoc1_saisie_V2;Fichier total
Exp22DM08-Inoc1-T6-P38;3.0;1.0;3.0;0.0;;;c;1;Exp22DM08_inoc1_saisie_V2;Fichier total
Exp22DM08-Inoc1-T6-P38;3.0;1.0;3.0;0.0;;;a;2;Exp22DM08_inoc1_saisie_V2;Fichier total
Exp22DM08-Inoc1-T6-P38;3.0;1.0;3.0;0.0;;;b;2;Exp22DM08_inoc1_saisie_V2;Fichier total
Exp22DM08-Inoc1-T6-P38;3.0;1.0;5.0;0.0;;;c;2;Exp22DM08_inoc1_saisie_V2;Fichier total
Exp22DM08-Inoc1-T6-P38;3.0;1.0;3.0;0.0;;;a;3;Exp22DM08_inoc1_saisie_V2;Fichier total
Exp22DM08-Inoc1-T6-P38;3.0;1.0;1.0;0.0;;;b;3;Exp22DM08_inoc1_saisie_V2;Fichier total
Exp22DM08-Inoc1-T6-P38;3.0;1.0;1.0;0.0;;;c;3;Exp22DM08_inoc1_saisie_V2;Fichier total
Exp22DM08-Inoc1-T6-P38;9.0;0.0;;0.0;;;a;4;Exp22DM08_inoc1_saisie_V2;Fichier total
Exp22DM08-Inoc1-T6-P38;7.0;1.0;3.0;0.0;;;b;4;Exp22DM08_inoc1_saisie_V2;Fichier total
Exp22DM08-Inoc1-T6-P38;7.0;1.0;3.0;0.0;;;c;4;Exp22DM08_inoc1_saisie_V2;Fichier total
Exp22DM08-Inoc1-T6-P39;7.0;1.0;7.0;1.0;7.0;5.0;a;1;Exp22DM08_inoc1_saisie_V2;Fichier total
Exp22DM08-Inoc1-T6-P39;7.0;1.0;7.0;1.0;7.0;5.0;b;1;Exp22DM08_inoc1_saisie_V2;Fichier total
Exp22DM08-Inoc1-T6-P39;7.0;1.0;7.0;0.0;;;c;1;Exp22DM08_inoc1_saisie_V2;Fichier total
Exp22DM08-Inoc1-T6-P39;3.0;1.0;3.0;1.0;5.0;1.0;a;2;Exp22DM08_inoc1_saisie_V2;Fichier total
Exp22DM08-Inoc1-T6-P39;1.0;1.0;3.0;0.0;;;b;2;Exp22DM08_inoc1_saisie_V2;Fichier total
Exp22DM08-Inoc1-T6-P39;1.0;1.0;5.0;0.0;;;c;2;Exp22DM08_inoc1_saisie_V2;Fichier total
Exp22DM08-Inoc1-T6-P39;7.0;1.0;9.0;1.0;7.0;9.0;a;3;Exp22DM08_inoc1_saisie_V2;Fichier total
Exp22DM08-Inoc1-T6-P39;7.0;1.0;9.0;1.0;5.0;7.0;b;3;Exp22DM08_inoc1_saisie_V2;Fichier total
Exp22DM08-Inoc1-T6-P39;7.0;1.0;9.0;1.0;5.0;7.0;c;3;Exp22DM08_inoc1_saisie_V2;Fichier total
Exp22DM08-Inoc1-T6-P39;1.0;1.0;5.0;0.0;;;a;4;Exp22DM08_inoc1_saisie_V2;Fichier total
Exp22DM08-Inoc1-T6-P39;1.0;1.0;5.0;0.0;;;b;4;Exp22DM08_inoc1_saisie_V2;Fichier total
Exp22DM08-Inoc1-T6-P39;1.0;1.0;5.0;0.0;;;c;4;Exp22DM08_inoc1_saisie_V2;Fichier total
Exp22DM08-Inoc1-T6-P40;9.0;0.0;;1.0;3.0;5.0;a;1;Exp22DM08_inoc1_saisie_V2;Fichier total
Exp22DM08-Inoc1-T6-P40;7.0;1.0;7.0;1.0;5.0;5.0;b;1;Exp22DM08_inoc1_saisie_V2;Fichier total
Exp22DM08-Inoc1-T6-P40;7.0;1.0;7.0;1.0;7.0;7.0;c;1;Exp22DM08_inoc1_saisie_V2;Fichier total
Exp22DM08-Inoc1-T6-P40;7.0;1.0;9.0;1.0;9.0;9.0;a;2;Exp22DM08_inoc1_saisie_V2;Fichier total
Exp22DM08-Inoc1-T6-P40;7.0;1.0;7.0;1.0;5.0;7.0;b;2;Exp22DM08_inoc1_saisie_V2;Fichier total
Exp22DM08-Inoc1-T6-P40;7.0;1.0;7.0;1.0;9.0;7.0;c;2;Exp22DM08_inoc1_saisie_V2;Fichier total
Exp22DM08-Inoc1-T6-P40;5.0;1.0;1.0;0.0;;;a;3;Exp22DM08_inoc1_saisie_V2;Fichier total
Exp22DM08-Inoc1-T6-P40;5.0;1.0;1.0;0.0;;;b;3;Exp22DM08_inoc1_saisie_V2;Fichier total
Exp22DM08-Inoc1-T6-P40;5.0;1.0;5.0;0.0;;;c;3;Exp22DM08_inoc1_saisie_V2;Fichier total
Exp22DM08-Inoc1-T6-P40;5.0;1.0;5.0;0.0;;;a;4;Exp22DM08_inoc1_saisie_V2;Fichier total
Exp22DM08-Inoc1-T6-P40;3.0;1.0;5.0;0.0;;;b;4;Exp22DM08_inoc1_saisie_V2;Fichier total
Exp22DM08-Inoc1-T6-P40;3.0;1.0;5.0;0.0;;;c;4;Exp22DM08_inoc1_saisie_V2;Fichier total
Exp22DM08-Inoc1-T6-P41;3.0;1.0;3.0;0.0;;;a;1;Exp22DM08_inoc1_saisie_V2;Fichier total
Exp22DM08-Inoc1-T6-P41;3.0;1.0;3.0;0.0;;;b;1;Exp22DM08_inoc1_saisie_V2;Fichier total
Exp22DM08-Inoc1-T6-P41;3.0;1.0;5.0;0.0;;;c;1;Exp22DM08_inoc1_saisie_V2;Fichier total
Exp22DM08-Inoc1-T6-P41;5.0;1.0;5.0;0.0;;;a;2;Exp22DM08_inoc1_saisie_V2;Fichier total
Exp22DM08-Inoc1-T6-P41;5.0;1.0;5.0;0.0;;;b;2;Exp22DM08_inoc1_saisie_V2;Fichier total
Exp22DM08-Inoc1-T6-P41;3.0;1.0;5.0;0.0;;;c;2;Exp22DM08_inoc1_saisie_V2;Fichier total
Exp22DM08-Inoc1-T6-P41;7.0;1.0;3.0;0.0;;;a;3;Exp22DM08_inoc1_saisie_V2;Fichier total
Exp22DM08-Inoc1-T6-P41;7.0;1.0;3.0;1.0;5.0;5.0;b;3;Exp22DM08_inoc1_saisie_V2;Fichier total
Exp22DM08-Inoc1-T6-P41;5.0;1.0;3.0;1.0;5.0;7.0;c;3;Exp22DM08_inoc1_saisie_V2;Fichier total
Exp22DM08-Inoc1-T6-P41;5.0;1.0;7.0;1.0;7.0;7.0;a;4;Exp22DM08_inoc1_saisie_V2;Fichier total
Exp22DM08-Inoc1-T6-P41;5.0;1.0;7.0;1.0;7.0;7.0;b;4;Exp22DM08_inoc1_saisie_V2;Fichier total
Exp22DM08-Inoc1-T6-P41;5.0;1.0;7.0;1.0;7.0;7.0;c;4;Exp22DM08_inoc1_saisie_V2;Fichier total
Exp22DM08-Inoc1-T6-P42;7.0;1.0;9.0;1.0;5.0;5.0;a;1;Exp22DM08_inoc1_saisie_V2;Fichier total
Exp22DM08-Inoc1-T6-P42;5.0;1.0;9.0;1.0;5.0;5.0;b;1;Exp22DM08_inoc1_saisie_V2;Fichier total
Exp22DM08-Inoc1-T6-P42;7.0;1.0;9.0;1.0;5.0;5.0;c;1;Exp22DM08_inoc1_saisie_V2;Fichier total
Exp22DM08-Inoc1-T6-P42;1.0;1.0;1.0;0.0;;;a;2;Exp22DM08_inoc1_saisie_V2;Fichier total
Exp22DM08-Inoc1-T6-P42;3.0;1.0;1.0;0.0;;;b;2;Exp22DM08_inoc1_saisie_V2;Fichier total
Exp22DM08-Inoc1-T6-P42;1.0;1.0;1.0;0.0;;;c;2;Exp22DM08_inoc1_saisie_V2;Fichier total
Exp22DM08-Inoc1-T6-P42;1.0;1.0;1.0;0.0;;;a;3;Exp22DM08_inoc1_saisie_V2;Fichier total
Exp22DM08-Inoc1-T6-P42;3.0;1.0;1.0;0.0;;;b;3;Exp22DM08_inoc1_saisie_V2;Fichier total
Exp22DM08-Inoc1-T6-P42;3.0;1.0;1.0;0.0;;;c;3;Exp22DM08_inoc1_saisie_V2;Fichier total
Exp22DM08-Inoc1-T6-P42;5.0;1.0;5.0;0.0;;;a;4;Exp22DM08_inoc1_saisie_V2;Fichier total
Exp22DM08-Inoc1-T6-P42;5.0;1.0;5.0;0.0;;;b;4;Exp22DM08_inoc1_saisie_V2;Fichier total
Exp22DM08-Inoc1-T6-P42;5.0;1.0;5.0;0.0;;;c;4;Exp22DM08_inoc1_saisie_V2;Fichier total
Exp22DM08-Inoc1-T6-P43;9.0;0.0;;1.0;9.0;9.0;a;1;Exp22DM08_inoc1_saisie_V2;Fichier total
Exp22DM08-Inoc1-T6-P43;9.0;0.0;;1.0;9.0;7.0;b;1;Exp22DM08_inoc1_saisie_V2;Fichier total
Exp22DM08-Inoc1-T6-P43;5.0;1.0;7.0;1.0;7.0;9.0;c;1;Exp22DM08_inoc1_saisie_V2;Fichier total
Exp22DM08-Inoc1-T6-P43;7.0;1.0;7.0;1.0;7.0;5.0;a;2;Exp22DM08_inoc1_saisie_V2;Fichier total
Exp22DM08-Inoc1-T6-P43;7.0;1.0;7.0;1.0;5.0;7.0;b;2;Exp22DM08_inoc1_saisie_V2;Fichier total
Exp22DM08-Inoc1-T6-P43;7.0;1.0;7.0;1.0;7.0;7.0;c;2;Exp22DM08_inoc1_saisie_V2;Fichier total
Exp22DM08-Inoc1-T6-P43;7.0;1.0;9.0;1.0;5.0;3.0;a;3;Exp22DM08_inoc1_saisie_V2;Fichier total
Exp22DM08-Inoc1-T6-P43;7.0;1.0;9.0;1.0;5.0;3.0;b;3;Exp22DM08_inoc1_saisie_V2;Fichier total
Exp22DM08-Inoc1-T6-P43;7.0;1.0;9.0;0.0;;;c;3;Exp22DM08_inoc1_saisie_V2;Fichier total
Exp22DM08-Inoc1-T6-P43;5.0;1.0;7.0;0.0;;;a;4;Exp22DM08_inoc1_saisie_V2;Fichier total
Exp22DM08-Inoc1-T6-P43;5.0;1.0;9.0;1.0;7.0;7.0;b;4;Exp22DM08_inoc1_saisie_V2;Fichier total
Exp22DM08-Inoc1-T6-P43;5.0;1.0;9.0;0.0;;;c;4;Exp22DM08_inoc1_saisie_V2;Fichier total
Exp22DM08-Inoc1-T6-P44;5.0;1.0;3.0;0.0;;;a;1;Exp22DM08_inoc1_saisie_V2;Fichier total
Exp22DM08-Inoc1-T6-P44;3.0;1.0;3.0;0.0;;;b;1;Exp22DM08_inoc1_saisie_V2;Fichier total
Exp22DM08-Inoc1-T6-P44;3.0;1.0;3.0;0.0;;;c;1;Exp22DM08_inoc1_saisie_V2;Fichier total
Exp22DM08-Inoc1-T6-P44;1.0;1.0;3.0;0.0;;;a;2;Exp22DM08_inoc1_saisie_V2;Fichier total
Exp22DM08-Inoc1-T6-P44;1.0;1.0;3.0;0.0;;;b;2;Exp22DM08_inoc1_saisie_V2;Fichier total
Exp22DM08-Inoc1-T6-P44;1.0;1.0;3.0;0.0;;;c;2;Exp22DM08_inoc1_saisie_V2;Fichier total
Exp22DM08-Inoc1-T6-P44;5.0;1.0;5.0;0.0;;;a;3;Exp22DM08_inoc1_saisie_V2;Fichier total
Exp22DM08-Inoc1-T6-P44;7.0;1.0;5.0;0.0;;;b;3;Exp22DM08_inoc1_saisie_V2;Fichier total
Exp22DM08-Inoc1-T6-P44;5.0;1.0;3.0;0.0;;;c;3;Exp22DM08_inoc1_saisie_V2;Fichier total
Exp22DM08-Inoc1-T6-P44;3.0;1.0;5.0;0.0;;;a;4;Exp22DM08_inoc1_saisie_V2;Fichier total
Exp22DM08-Inoc1-T6-P44;3.0;1.0;3.0;0.0;;;b;4;Exp22DM08_inoc1_saisie_V2;Fichier total
Exp22DM08-Inoc1-T6-P44;3.0;1.0;3.0;0.0;;;c;4;Exp22DM08_inoc1_saisie_V2;Fichier total
Exp22DM08-Inoc1-T6-P45;3.0;1.0;3.0;0.0;;;a;1;Exp22DM08_inoc1_saisie_V2;Fichier total
Exp22DM08-Inoc1-T6-P45;3.0;1.0;3.0;0.0;;;b;1;Exp22DM08_inoc1_saisie_V2;Fichier total
Exp22DM08-Inoc1-T6-P45;3.0;1.0;3.0;0.0;;;c;1;Exp22DM08_inoc1_saisie_V2;Fichier total
Exp22DM08-Inoc1-T6-P45;5.0;1.0;5.0;0.0;;;a;2;Exp22DM08_inoc1_saisie_V2;Fichier total
Exp22DM08-Inoc1-T6-P45;7.0;1.0;7.0;0.0;;;b;2;Exp22DM08_inoc1_saisie_V2;Fichier total
Exp22DM08-Inoc1-T6-P45;5.0;1.0;5.0;0.0;;;c;2;Exp22DM08_inoc1_saisie_V2;Fichier total
Exp22DM08-Inoc1-T6-P45;3.0;1.0;5.0;0.0;;;a;3;Exp22DM08_inoc1_saisie_V2;Fichier total
Exp22DM08-Inoc1-T6-P45;3.0;1.0;3.0;0.0;;;b;3;Exp22DM08_inoc1_saisie_V2;Fichier total
Exp22DM08-Inoc1-T6-P45;3.0;1.0;3.0;0.0;;;c;3;Exp22DM08_inoc1_saisie_V2;Fichier total
Exp22DM08-Inoc1-T6-P45;5.0;1.0;5.0;0.0;;;a;4;Exp22DM08_inoc1_saisie_V2;Fichier total
Exp22DM08-Inoc1-T6-P45;5.0;1.0;5.0;1.0;5.0;7.0;b;4;Exp22DM08_inoc1_saisie_V2;Fichier total
Exp22DM08-Inoc1-T6-P45;5.0;1.0;5.0;0.0;;;c;4;Exp22DM08_inoc1_saisie_V2;Fichier total
Exp22DM08-Inoc1-T6-P46;5.0;1.0;7.0;1.0;7.0;5.0;a;1;Exp22DM08_inoc1_saisie_V2;Fichier total
Exp22DM08-Inoc1-T6-P46;5.0;1.0;5.0;1.0;7.0;5.0;b;1;Exp22DM08_inoc1_saisie_V2;Fichier total
Exp22DM08-Inoc1-T6-P46;5.0;1.0;5.0;1.0;7.0;5.0;c;1;Exp22DM08_inoc1_saisie_V2;Fichier total
Exp22DM08-Inoc1-T6-P46;7.0;1.0;7.0;1.0;7.0;7.0;a;2;Exp22DM08_inoc1_saisie_V2;Fichier total
Exp22DM08-Inoc1-T6-P46;7.0;1.0;5.0;1.0;5.0;7.0;b;2;Exp22DM08_inoc1_saisie_V2;Fichier total
Exp22DM08-Inoc1-T6-P46;7.0;1.0;5.0;1.0;5.0;7.0;c;2;Exp22DM08_inoc1_saisie_V2;Fichier total
Exp22DM08-Inoc1-T6-P46;5.0;1.0;1.0;0.0;;;a;3;Exp22DM08_inoc1_saisie_V2;Fichier total
Exp22DM08-Inoc1-T6-P46;5.0;1.0;1.0;0.0;;;b;3;Exp22DM08_inoc1_saisie_V2;Fichier total
Exp22DM08-Inoc1-T6-P46;5.0;1.0;3.0;0.0;;;c;3;Exp22DM08_inoc1_saisie_V2;Fichier total
Exp22DM08-Inoc1-T6-P46;7.0;1.0;7.0;1.0;5.0;5.0;a;4;Exp22DM08_inoc1_saisie_V2;Fichier total
Exp22DM08-Inoc1-T6-P46;5.0;1.0;7.0;1.0;7.0;7.0;b;4;Exp22DM08_inoc1_saisie_V2;Fichier total
Exp22DM08-Inoc1-T6-P46;7.0;1.0;7.0;1.0;9.0;7.0;c;4;Exp22DM08_inoc1_saisie_V2;Fichier total
Exp22DM08-Inoc1-T6-P47;3.0;1.0;3.0;0.0;;;a;1;Exp22DM08_inoc1_saisie_V2;Fichier total
Exp22DM08-Inoc1-T6-P47;1.0;1.0;1.0;0.0;;;b;1;Exp22DM08_inoc1_saisie_V2;Fichier total
Exp22DM08-Inoc1-T6-P47;1.0;1.0;1.0;0.0;;;c;1;Exp22DM08_inoc1_saisie_V2;Fichier total
Exp22DM08-Inoc1-T6-P47;5.0;1.0;7.0;0.0;;;a;2;Exp22DM08_inoc1_saisie_V2;Fichier total
Exp22DM08-Inoc1-T6-P47;7.0;1.0;7.0;1.0;5.0;5.0;b;2;Exp22DM08_inoc1_saisie_V2;Fichier total
Exp22DM08-Inoc1-T6-P47;7.0;1.0;5.0;0.0;;;c;2;Exp22DM08_inoc1_saisie_V2;Fichier total
Exp22DM08-Inoc1-T6-P47;1.0;1.0;5.0;0.0;;;a;3;Exp22DM08_inoc1_saisie_V2;Fichier total
Exp22DM08-Inoc1-T6-P47;3.0;1.0;5.0;1.0;5.0;3.0;b;3;Exp22DM08_inoc1_saisie_V2;Fichier total
Exp22DM08-Inoc1-T6-P47;1.0;1.0;5.0;1.0;5.0;3.0;c;3;Exp22DM08_inoc1_saisie_V2;Fichier total
Exp22DM08-Inoc1-T6-P47;7.0;1.0;7.0;1.0;5.0;7.0;a;4;Exp22DM08_inoc1_saisie_V2;Fichier total
Exp22DM08-Inoc1-T6-P47;5.0;1.0;7.0;1.0;5.0;7.0;b;4;Exp22DM08_inoc1_saisie_V2;Fichier total
Exp22DM08-Inoc1-T6-P47;5.0;1.0;7.0;1.0;7.0;7.0;c;4;Exp22DM08_inoc1_saisie_V2;Fichier total
Exp22DM08-Inoc1-T6-P48;7.0;1.0;9.0;1.0;3.0;9.0;a;1;Exp22DM08_inoc1_saisie_V2;Fichier total
Exp22DM08-Inoc1-T6-P48;7.0;1.0;9.0;1.0;3.0;9.0;b;1;Exp22DM08_inoc1_saisie_V2;Fichier total
Exp22DM08-Inoc1-T6-P48;7.0;1.0;9.0;1.0;3.0;9.0;c;1;Exp22DM08_inoc1_saisie_V2;Fichier total
Exp22DM08-Inoc1-T6-P48;5.0;1.0;3.0;0.0;;;a;2;Exp22DM08_inoc1_saisie_V2;Fichier total
Exp22DM08-Inoc1-T6-P48;5.0;1.0;3.0;0.0;;;b;2;Exp22DM08_inoc1_saisie_V2;Fichier total
Exp22DM08-Inoc1-T6-P48;7.0;1.0;3.0;0.0;;;c;2;Exp22DM08_inoc1_saisie_V2;Fichier total
Exp22DM08-Inoc1-T6-P48;7.0;1.0;9.0;1.0;5.0;7.0;a;3;Exp22DM08_inoc1_saisie_V2;Fichier total
Exp22DM08-Inoc1-T6-P48;7.0;1.0;9.0;1.0;5.0;5.0;b;3;Exp22DM08_inoc1_saisie_V2;Fichier total
Exp22DM08-Inoc1-T6-P48;7.0;1.0;9.0;1.0;7.0;7.0;c;3;Exp22DM08_inoc1_saisie_V2;Fichier total
Exp22DM08-Inoc1-T6-P48;7.0;1.0;9.0;1.0;9.0;7.0;a;4;Exp22DM08_inoc1_saisie_V2;Fichier total
Exp22DM08-Inoc1-T6-P48;7.0;1.0;7.0;0.0;;;b;4;Exp22DM08_inoc1_saisie_V2;Fichier total
Exp22DM08-Inoc1-T6-P48;5.0;1.0;5.0;0.0;;;c;4;Exp22DM08_inoc1_saisie_V2;Fichier total
Exp22DM08-Inoc1-T6-P49;7.0;1.0;7.0;1.0;5.0;9.0;a;1;Exp22DM08_inoc1_saisie_V2;Fichier total
Exp22DM08-Inoc1-T6-P49;5.0;1.0;9.0;1.0;5.0;9.0;b;1;Exp22DM08_inoc1_saisie_V2;Fichier total
Exp22DM08-Inoc1-T6-P49;5.0;1.0;9.0;1.0;5.0;9.0;c;1;Exp22DM08_inoc1_saisie_V2;Fichier total
Exp22DM08-Inoc1-T6-P49;9.0;0.0;;1.0;5.0;5.0;a;2;Exp22DM08_inoc1_saisie_V2;Fichier total
Exp22DM08-Inoc1-T6-P49;9.0;0.0;;1.0;5.0;5.0;b;2;Exp22DM08_inoc1_saisie_V2;Fichier total
Exp22DM08-Inoc1-T6-P49;9.0;0.0;;1.0;7.0;5.0;c;2;Exp22DM08_inoc1_saisie_V2;Fichier total
Exp22DM08-Inoc1-T6-P49;5.0;1.0;7.0;0.0;;;a;3;Exp22DM08_inoc1_saisie_V2;Fichier total
Exp22DM08-Inoc1-T6-P49;5.0;1.0;7.0;0.0;;;b;3;Exp22DM08_inoc1_saisie_V2;Fichier total
Exp22DM08-Inoc1-T6-P49;5.0;1.0;7.0;0.0;;;c;3;Exp22DM08_inoc1_saisie_V2;Fichier total
Exp22DM08-Inoc1-T6-P49;7.0;1.0;7.0;1.0;7.0;7.0;a;4;Exp22DM08_inoc1_saisie_V2;Fichier total
Exp22DM08-Inoc1-T6-P49;7.0;1.0;7.0;1.0;7.0;7.0;b;4;Exp22DM08_inoc1_saisie_V2;Fichier total
Exp22DM08-Inoc1-T6-P49;5.0;1.0;7.0;0.0;;;c;4;Exp22DM08_inoc1_saisie_V2;Fichier total
Exp22DM08-Inoc1-T6-P50;5.0;1.0;1.0;1.0;7.0;3.0;a;1;Exp22DM08_inoc1_saisie_V2;Fichier total
Exp22DM08-Inoc1-T6-P50;5.0;1.0;1.0;0.0;;;b;1;Exp22DM08_inoc1_saisie_V2;Fichier total
Exp22DM08-Inoc1-T6-P50;5.0;1.0;5.0;0.0;;;c;1;Exp22DM08_inoc1_saisie_V2;Fichier total
Exp22DM08-Inoc1-T6-P50;5.0;1.0;5.0;0.0;;;a;2;Exp22DM08_inoc1_saisie_V2;Fichier total
Exp22DM08-Inoc1-T6-P50;5.0;1.0;5.0;1.0;7.0;9.0;b;2;Exp22DM08_inoc1_saisie_V2;Fichier total
Exp22DM08-Inoc1-T6-P50;5.0;1.0;5.0;0.0;;;c;2;Exp22DM08_inoc1_saisie_V2;Fichier total
Exp22DM08-Inoc1-T6-P50;1.0;1.0;5.0;0.0;;;a;3;Exp22DM08_inoc1_saisie_V2;Fichier total
Exp22DM08-Inoc1-T6-P50;1.0;1.0;5.0;0.0;;;b;3;Exp22DM08_inoc1_saisie_V2;Fichier total
Exp22DM08-Inoc1-T6-P50;3.0;1.0;3.0;0.0;;;c;3;Exp22DM08_inoc1_saisie_V2;Fichier total
Exp22DM08-Inoc1-T6-P50;9.0;0.0;;0.0;;;a;4;Exp22DM08_inoc1_saisie_V2;Fichier total
Exp22DM08-Inoc1-T6-P50;9.0;0.0;;0.0;;;b;4;Exp22DM08_inoc1_saisie_V2;Fichier total
Exp22DM08-Inoc1-T6-P50;7.0;1.0;9.0;1.0;9.0;9.0;c;4;Exp22DM08_inoc1_saisie_V2;Fichier total
Exp22DM08-Inoc1-T6-P51;7.0;1.0;3.0;1.0;7.0;5.0;a;1;Exp22DM08_inoc1_saisie_V2;Fichier total
Exp22DM08-Inoc1-T6-P51;5.0;1.0;5.0;1.0;7.0;5.0;b;1;Exp22DM08_inoc1_saisie_V2;Fichier total
Exp22DM08-Inoc1-T6-P51;5.0;1.0;5.0;0.0;;;c;1;Exp22DM08_inoc1_saisie_V2;Fichier total
Exp22DM08-Inoc1-T6-P51;3.0;1.0;5.0;0.0;;;a;2;Exp22DM08_inoc1_saisie_V2;Fichier total
Exp22DM08-Inoc1-T6-P51;1.0;1.0;5.0;0.0;;;b;2;Exp22DM08_inoc1_saisie_V2;Fichier total
Exp22DM08-Inoc1-T6-P51;1.0;1.0;5.0;0.0;;;c;2;Exp22DM08_inoc1_saisie_V2;Fichier total
Exp22DM08-Inoc1-T6-P51;5.0;1.0;7.0;1.0;7.0;7.0;a;3;Exp22DM08_inoc1_saisie_V2;Fichier total
Exp22DM08-Inoc1-T6-P51;5.0;1.0;7.0;1.0;5.0;7.0;b;3;Exp22DM08_inoc1_saisie_V2;Fichier total
Exp22DM08-Inoc1-T6-P51;5.0;1.0;7.0;1.0;5.0;7.0;c;3;Exp22DM08_inoc1_saisie_V2;Fichier total
Exp22DM08-Inoc1-T6-P51;7.0;1.0;1.0;0.0;;;a;4;Exp22DM08_inoc1_saisie_V2;Fichier total
Exp22DM08-Inoc1-T6-P51;3.0;1.0;1.0;0.0;;;b;4;Exp22DM08_inoc1_saisie_V2;Fichier total
Exp22DM08-Inoc1-T6-P51;5.0;1.0;3.0;0.0;;;c;4;Exp22DM08_inoc1_saisie_V2;Fichier total
Exp22DM08-Inoc1-T6-P52;1.0;1.0;3.0;0.0;;;a;1;Exp22DM08_inoc1_saisie_V2;Fichier total
Exp22DM08-Inoc1-T6-P52;3.0;1.0;1.0;0.0;;;b;1;Exp22DM08_inoc1_saisie_V2;Fichier total
Exp22DM08-Inoc1-T6-P52;1.0;1.0;1.0;0.0;;;c;1;Exp22DM08_inoc1_saisie_V2;Fichier total
Exp22DM08-Inoc1-T6-P52;7.0;1.0;9.0;0.0;;;a;2;Exp22DM08_inoc1_saisie_V2;Fichier total
Exp22DM08-Inoc1-T6-P52;7.0;1.0;9.0;1.0;5.0;7.0;b;2;Exp22DM08_inoc1_saisie_V2;Fichier total
Exp22DM08-Inoc1-T6-P52;7.0;1.0;9.0;1.0;9.0;9.0;c;2;Exp22DM08_inoc1_saisie_V2;Fichier total
Exp22DM08-Inoc1-T6-P52;7.0;1.0;9.0;1.0;7.0;9.0;a;3;Exp22DM08_inoc1_saisie_V2;Fichier total
Exp22DM08-Inoc1-T6-P52;9.0;0.0;;0.0;;;b;3;Exp22DM08_inoc1_saisie_V2;Fichier total
Exp22DM08-Inoc1-T6-P52;9.0;0.0;;0.0;;;c;3;Exp22DM08_inoc1_saisie_V2;Fichier total
Exp22DM08-Inoc1-T6-P52;7.0;1.0;9.0;1.0;7.0;7.0;a;4;Exp22DM08_inoc1_saisie_V2;Fichier total
Exp22DM08-Inoc1-T6-P52;7.0;1.0;9.0;1.0;7.0;5.0;b;4;Exp22DM08_inoc1_saisie_V2;Fichier total
Exp22DM08-Inoc1-T6-P52;7.0;1.0;9.0;1.0;7.0;5.0;c;4;Exp22DM08_inoc1_saisie_V2;Fichier total
Exp22DM08-Inoc1-T6-P53;9.0;0.0;;1.0;9.0;7.0;a;1;Exp22DM08_inoc1_saisie_V2;Fichier total
Exp22DM08-Inoc1-T6-P53;9.0;0.0;;1.0;9.0;5.0;b;1;Exp22DM08_inoc1_saisie_V2;Fichier total
Exp22DM08-Inoc1-T6-P53;7.0;1.0;9.0;1.0;9.0;5.0;c;1;Exp22DM08_inoc1_saisie_V2;Fichier total
Exp22DM08-Inoc1-T6-P53;7.0;1.0;5.0;0.0;;;a;2;Exp22DM08_inoc1_saisie_V2;Fichier total
Exp22DM08-Inoc1-T6-P53;7.0;1.0;7.0;1.0;7.0;5.0;b;2;Exp22DM08_inoc1_saisie_V2;Fichier total
Exp22DM08-Inoc1-T6-P53;7.0;1.0;5.0;1.0;7.0;5.0;c;2;Exp22DM08_inoc1_saisie_V2;Fichier total
Exp22DM08-Inoc1-T6-P53;7.0;1.0;9.0;0.0;;;a;3;Exp22DM08_inoc1_saisie_V2;Fichier total
Exp22DM08-Inoc1-T6-P53;5.0;1.0;7.0;0.0;;;b;3;Exp22DM08_inoc1_saisie_V2;Fichier total
Exp22DM08-Inoc1-T6-P53;5.0;1.0;7.0;0.0;;;c;3;Exp22DM08_inoc1_saisie_V2;Fichier total
Exp22DM08-Inoc1-T6-P53;5.0;1.0;7.0;1.0;7.0;7.0;a;4;Exp22DM08_inoc1_saisie_V2;Fichier total
Exp22DM08-Inoc1-T6-P53;5.0;1.0;7.0;1.0;7.0;7.0;b;4;Exp22DM08_inoc1_saisie_V2;Fichier total
Exp22DM08-Inoc1-T6-P53;5.0;1.0;7.0;1.0;7.0;7.0;c;4;Exp22DM08_inoc1_saisie_V2;Fichier total
Exp22DM08-Inoc1-T6-P54;5.0;1.0;1.0;0.0;;;a;1;Exp22DM08_inoc1_saisie_V2;Fichier total
Exp22DM08-Inoc1-T6-P54;5.0;1.0;1.0;0.0;;;b;1;Exp22DM08_inoc1_saisie_V2;Fichier total
Exp22DM08-Inoc1-T6-P54;3.0;1.0;3.0;0.0;;;c;1;Exp22DM08_inoc1_saisie_V2;Fichier total
Exp22DM08-Inoc1-T6-P54;5.0;1.0;7.0;0.0;;;a;2;Exp22DM08_inoc1_saisie_V2;Fichier total
Exp22DM08-Inoc1-T6-P54;5.0;1.0;7.0;1.0;7.0;7.0;b;2;Exp22DM08_inoc1_saisie_V2;Fichier total
Exp22DM08-Inoc1-T6-P54;5.0;1.0;7.0;0.0;;;c;2;Exp22DM08_inoc1_saisie_V2;Fichier total
Exp22DM08-Inoc1-T6-P54;3.0;1.0;5.0;0.0;;;a;3;Exp22DM08_inoc1_saisie_V2;Fichier total
Exp22DM08-Inoc1-T6-P54;3.0;1.0;3.0;1.0;5.0;3.0;b;3;Exp22DM08_inoc1_saisie_V2;Fichier total
Exp22DM08-Inoc1-T6-P54;3.0;1.0;5.0;1.0;5.0;3.0;c;3;Exp22DM08_inoc1_saisie_V2;Fichier total
Exp22DM08-Inoc1-T6-P54;5.0;1.0;7.0;0.0;;;a;4;Exp22DM08_inoc1_saisie_V2;Fichier total
Exp22DM08-Inoc1-T6-P54;5.0;1.0;7.0;0.0;;;b;4;Exp22DM08_inoc1_saisie_V2;Fichier total
Exp22DM08-Inoc1-T6-P54;5.0;1.0;7.0;0.0;;;c;4;Exp22DM08_inoc1_saisie_V2;Fichier total
Exp22DM08-Inoc1-T6-P55;3.0;1.0;5.0;0.0;;;a;1;Exp22DM08_inoc1_saisie_V2;Fichier total
Exp22DM08-Inoc1-T6-P55;3.0;1.0;5.0;0.0;;;b;1;Exp22DM08_inoc1_saisie_V2;Fichier total
Exp22DM08-Inoc1-T6-P55;3.0;1.0;5.0;0.0;;;c;1;Exp22DM08_inoc1_saisie_V2;Fichier total
Exp22DM08-Inoc1-T6-P55;5.0;1.0;5.0;0.0;;;a;2;Exp22DM08_inoc1_saisie_V2;Fichier total
Exp22DM08-Inoc1-T6-P55;5.0;1.0;5.0;0.0;;;b;2;Exp22DM08_inoc1_saisie_V2;Fichier total
Exp22DM08-Inoc1-T6-P55;5.0;1.0;5.0;0.0;;;c;2;Exp22DM08_inoc1_saisie_V2;Fichier total
Exp22DM08-Inoc1-T6-P55;7.0;1.0;7.0;0.0;;;a;3;Exp22DM08_inoc1_saisie_V2;Fichier total
Exp22DM08-Inoc1-T6-P55;7.0;1.0;7.0;0.0;;;b;3;Exp22DM08_inoc1_saisie_V2;Fichier total
Exp22DM08-Inoc1-T6-P55;7.0;1.0;9.0;0.0;;;c;3;Exp22DM08_inoc1_saisie_V2;Fichier total
Exp22DM08-Inoc1-T6-P55;5.0;1.0;7.0;0.0;;;a;4;Exp22DM08_inoc1_saisie_V2;Fichier total
Exp22DM08-Inoc1-T6-P55;5.0;1.0;7.0;1.0;5.0;7.0;b;4;Exp22DM08_inoc1_saisie_V2;Fichier total
Exp22DM08-Inoc1-T6-P55;5.0;1.0;7.0;0.0;;;c;4;Exp22DM08_inoc1_saisie_V2;Fichier total
Exp22DM08-Inoc1-T6-P56;5.0;1.0;3.0;0.0;;;a;1;Exp22DM08_inoc1_saisie_V2;Fichier total
Exp22DM08-Inoc1-T6-P56;7.0;1.0;1.0;0.0;;;b;1;Exp22DM08_inoc1_saisie_V2;Fichier total
Exp22DM08-Inoc1-T6-P56;3.0;1.0;5.0;0.0;;;c;1;Exp22DM08_inoc1_saisie_V2;Fichier total
Exp22DM08-Inoc1-T6-P56;5.0;1.0;5.0;0.0;;;a;2;Exp22DM08_inoc1_saisie_V2;Fichier total
Exp22DM08-Inoc1-T6-P56;5.0;1.0;5.0;0.0;;;b;2;Exp22DM08_inoc1_saisie_V2;Fichier total
Exp22DM08-Inoc1-T6-P56;5.0;1.0;7.0;0.0;;;c;2;Exp22DM08_inoc1_saisie_V2;Fichier total
Exp22DM08-Inoc1-T6-P56;5.0;1.0;1.0;0.0;;;a;3;Exp22DM08_inoc1_saisie_V2;Fichier total
Exp22DM08-Inoc1-T6-P56;7.0;1.0;1.0;0.0;;;b;3;Exp22DM08_inoc1_saisie_V2;Fichier total
Exp22DM08-Inoc1-T6-P56;5.0;1.0;1.0;0.0;;;c;3;Exp22DM08_inoc1_saisie_V2;Fichier total
Exp22DM08-Inoc1-T6-P56;5.0;1.0;7.0;1.0;5.0;7.0;a;4;Exp22DM08_inoc1_saisie_V2;Fichier total
Exp22DM08-Inoc1-T6-P56;5.0;1.0;7.0;1.0;5.0;7.0;b;4;Exp22DM08_inoc1_saisie_V2;Fichier total
Exp22DM08-Inoc1-T6-P56;5.0;1.0;7.0;1.0;5.0;7.0;c;4;Exp22DM08_inoc1_saisie_V2;Fichier total
Exp22DM08-Inoc1-T6-P57;3.0;1.0;5.0;0.0;;;a;1;Exp22DM08_inoc1_saisie_V2;Fichier total
Exp22DM08-Inoc1-T6-P57;5.0;1.0;5.0;0.0;;;b;1;Exp22DM08_inoc1_saisie_V2;Fichier total
Exp22DM08-Inoc1-T6-P57;3.0;1.0;3.0;0.0;;;c;1;Exp22DM08_inoc1_saisie_V2;Fichier total
Exp22DM08-Inoc1-T6-P57;3.0;1.0;3.0;0.0;;;a;2;Exp22DM08_inoc1_saisie_V2;Fichier total
Exp22DM08-Inoc1-T6-P57;3.0;1.0;3.0;1.0;7.0;7.0;b;2;Exp22DM08_inoc1_saisie_V2;Fichier total
Exp22DM08-Inoc1-T6-P57;3.0;1.0;1.0;0.0;;;c;2;Exp22DM08_inoc1_saisie_V2;Fichier total
Exp22DM08-Inoc1-T6-P57;5.0;1.0;3.0;0.0;;;a;3;Exp22DM08_inoc1_saisie_V2;Fichier total
Exp22DM08-Inoc1-T6-P57;5.0;1.0;3.0;0.0;;;b;3;Exp22DM08_inoc1_saisie_V2;Fichier total
Exp22DM08-Inoc1-T6-P57;5.0;1.0;3.0;0.0;;;c;3;Exp22DM08_inoc1_saisie_V2;Fichier total
Exp22DM08-Inoc1-T6-P57;7.0;1.0;9.0;1.0;5.0;7.0;a;4;Exp22DM08_inoc1_saisie_V2;Fichier total
Exp22DM08-Inoc1-T6-P57;7.0;1.0;9.0;1.0;5.0;7.0;b;4;Exp22DM08_inoc1_saisie_V2;Fichier total
Exp22DM08-Inoc1-T6-P57;7.0;1.0;9.0;1.0;5.0;7.0;c;4;Exp22DM08_inoc1_saisie_V2;Fichier total
Exp22DM08-Inoc1-T6-P58;5.0;1.0;5.0;1.0;5.0;5.0;a;1;Exp22DM08_inoc1_saisie_V2;Fichier total
Exp22DM08-Inoc1-T6-P58;3.0;1.0;5.0;1.0;5.0;5.0;b;1;Exp22DM08_inoc1_saisie_V2;Fichier total
Exp22DM08-Inoc1-T6-P58;5.0;1.0;5.0;1.0;5.0;5.0;c;1;Exp22DM08_inoc1_saisie_V2;Fichier total
Exp22DM08-Inoc1-T6-P58;9.0;0.0;;0.0;;;a;2;Exp22DM08_inoc1_saisie_V2;Fichier total
Exp22DM08-Inoc1-T6-P58;9.0;0.0;;1.0;9.0;9.0;b;2;Exp22DM08_inoc1_saisie_V2;Fichier total
Exp22DM08-Inoc1-T6-P58;9.0;0.0;;1.0;7.0;9.0;c;2;Exp22DM08_inoc1_saisie_V2;Fichier total
Exp22DM08-Inoc1-T6-P58;1.0;1.0;1.0;0.0;;;a;3;Exp22DM08_inoc1_saisie_V2;Fichier total
Exp22DM08-Inoc1-T6-P58;1.0;1.0;3.0;0.0;;;b;3;Exp22DM08_inoc1_saisie_V2;Fichier total
Exp22DM08-Inoc1-T6-P58;1.0;1.0;3.0;0.0;;;c;3;Exp22DM08_inoc1_saisie_V2;Fichier total
Exp22DM08-Inoc1-T6-P58;3.0;1.0;1.0;0.0;;;a;4;Exp22DM08_inoc1_saisie_V2;Fichier total
Exp22DM08-Inoc1-T6-P58;3.0;1.0;1.0;0.0;;;b;4;Exp22DM08_inoc1_saisie_V2;Fichier total
Exp22DM08-Inoc1-T6-P58;3.0;1.0;1.0;0.0;;;c;4;Exp22DM08_inoc1_saisie_V2;Fichier total
Exp22DM08-Inoc1-T6-P59;9.0;0.0;;1.0;7.0;9.0;a;1;Exp22DM08_inoc1_saisie_V2;Fichier total
Exp22DM08-Inoc1-T6-P59;9.0;0.0;;1.0;9.0;9.0;b;1;Exp22DM08_inoc1_saisie_V2;Fichier total
Exp22DM08-Inoc1-T6-P59;9.0;0.0;;1.0;9.0;9.0;c;1;Exp22DM08_inoc1_saisie_V2;Fichier total
Exp22DM08-Inoc1-T6-P59;3.0;1.0;3.0;0.0;;;a;2;Exp22DM08_inoc1_saisie_V2;Fichier total
Exp22DM08-Inoc1-T6-P59;3.0;1.0;3.0;0.0;;;b;2;Exp22DM08_inoc1_saisie_V2;Fichier total
Exp22DM08-Inoc1-T6-P59;5.0;1.0;3.0;0.0;;;c;2;Exp22DM08_inoc1_saisie_V2;Fichier total
Exp22DM08-Inoc1-T6-P60;1.0;1.0;3.0;0.0;;;a;1;Exp22DM08_inoc1_saisie_V2;Fichier total
Exp22DM08-Inoc1-T6-P60;1.0;1.0;3.0;0.0;;;b;1;Exp22DM08_inoc1_saisie_V2;Fichier total
Exp22DM08-Inoc1-T6-P60;1.0;1.0;3.0;0.0;;;c;1;Exp22DM08_inoc1_saisie_V2;Fichier total
Exp22DM08-Inoc1-T6-P60;1.0;1.0;3.0;0.0;;;a;2;Exp22DM08_inoc1_saisie_V2;Fichier total
Exp22DM08-Inoc1-T6-P60;1.0;1.0;3.0;0.0;;;b;2;Exp22DM08_inoc1_saisie_V2;Fichier total
Exp22DM08-Inoc1-T6-P60;1.0;1.0;3.0;0.0;;;c;2;Exp22DM08_inoc1_saisie_V2;Fichier total
Exp22DM08-Inoc1-T6-P60;3.0;1.0;5.0;0.0;;;a;3;Exp22DM08_inoc1_saisie_V2;Fichier total
Exp22DM08-Inoc1-T6-P60;3.0;1.0;5.0;0.0;;;b;3;Exp22DM08_inoc1_saisie_V2;Fichier total
Exp22DM08-Inoc1-T6-P60;3.0;1.0;5.0;0.0;;;c;3;Exp22DM08_inoc1_saisie_V2;Fichier total
Exp22DM08-Inoc1-T6-P60;9.0;0.0;;1.0;7.0;9.0;a;4;Exp22DM08_inoc1_saisie_V2;Fichier total
Exp22DM08-Inoc1-T6-P60;9.0;0.0;;1.0;5.0;9.0;b;4;Exp22DM08_inoc1_saisie_V2;Fichier total
Exp22DM08-Inoc1-T6-P60;7.0;1.0;9.0;1.0;7.0;9.0;c;4;Exp22DM08_inoc1_saisie_V2;Fichier total
Exp22DM08-Inoc1-T6-P61;9.0;0.0;;1.0;5.0;9.0;a;1;Exp22DM08_inoc1_saisie_V2;Fichier total
Exp22DM08-Inoc1-T6-P61;9.0;0.0;;1.0;5.0;9.0;b;1;Exp22DM08_inoc1_saisie_V2;Fichier total
Exp22DM08-Inoc1-T6-P61;9.0;0.0;;1.0;5.0;9.0;c;1;Exp22DM08_inoc1_saisie_V2;Fichier total
Exp22DM08-Inoc1-T6-P61;5.0;1.0;7.0;0.0;;;a;2;Exp22DM08_inoc1_saisie_V2;Fichier total
Exp22DM08-Inoc1-T6-P61;5.0;1.0;7.0;0.0;;;b;2;Exp22DM08_inoc1_saisie_V2;Fichier total
Exp22DM08-Inoc1-T6-P61;5.0;1.0;7.0;0.0;;;c;2;Exp22DM08_inoc1_saisie_V2;Fichier total
Exp22DM08-Inoc1-T6-P61;3.0;1.0;5.0;1.0;5.0;3.0;a;3;Exp22DM08_inoc1_saisie_V2;Fichier total
Exp22DM08-Inoc1-T6-P61;3.0;1.0;3.0;1.0;5.0;3.0;b;3;Exp22DM08_inoc1_saisie_V2;Fichier total
Exp22DM08-Inoc1-T6-P61;3.0;1.0;3.0;1.0;5.0;3.0;c;3;Exp22DM08_inoc1_saisie_V2;Fichier total
Exp22DM08-Inoc1-T6-P61;5.0;1.0;3.0;1.0;5.0;1.0;a;4;Exp22DM08_inoc1_saisie_V2;Fichier total
Exp22DM08-Inoc1-T6-P61;5.0;1.0;3.0;1.0;3.0;1.0;b;4;Exp22DM08_inoc1_saisie_V2;Fichier total
Exp22DM08-Inoc1-T6-P61;5.0;1.0;3.0;1.0;3.0;1.0;c;4;Exp22DM08_inoc1_saisie_V2;Fichier total
Exp22DM08-Inoc1-T6-P62;5.0;1.0;5.0;1.0;3.0;3.0;a;1;Exp22DM08_inoc1_saisie_V2;Fichier total
Exp22DM08-Inoc1-T6-P62;5.0;1.0;5.0;1.0;3.0;3.0;b;1;Exp22DM08_inoc1_saisie_V2;Fichier total
Exp22DM08-Inoc1-T6-P62;5.0;1.0;5.0;1.0;3.0;3.0;c;1;Exp22DM08_inoc1_saisie_V2;Fichier total
Exp22DM08-Inoc1-T6-P62;1.0;1.0;3.0;0.0;;;a;2;Exp22DM08_inoc1_saisie_V2;Fichier total
Exp22DM08-Inoc1-T6-P62;1.0;1.0;3.0;0.0;;;b;2;Exp22DM08_inoc1_saisie_V2;Fichier total
Exp22DM08-Inoc1-T6-P62;1.0;1.0;3.0;0.0;;;c;2;Exp22DM08_inoc1_saisie_V2;Fichier total
Exp22DM08-Inoc1-T6-P62;1.0;1.0;1.0;0.0;;;a;3;Exp22DM08_inoc1_saisie_V2;Fichier total
Exp22DM08-Inoc1-T6-P62;3.0;1.0;1.0;0.0;;;b;3;Exp22DM08_inoc1_saisie_V2;Fichier total
Exp22DM08-Inoc1-T6-P62;1.0;1.0;1.0;0.0;;;c;3;Exp22DM08_inoc1_saisie_V2;Fichier total
Exp22DM08-Inoc1-T6-P62;5.0;1.0;5.0;1.0;5.0;7.0;a;4;Exp22DM08_inoc1_saisie_V2;Fichier total
Exp22DM08-Inoc1-T6-P62;5.0;1.0;5.0;1.0;5.0;7.0;b;4;Exp22DM08_inoc1_saisie_V2;Fichier total
Exp22DM08-Inoc1-T6-P62;5.0;1.0;5.0;1.0;5.0;7.0;c;4;Exp22DM08_inoc1_saisie_V2;Fichier total
Exp22DM08-Inoc1-T6-P63;7.0;1.0;9.0;0.0;;;a;1;Exp22DM08_inoc1_saisie_V2;Fichier total
Exp22DM08-Inoc1-T6-P63;9.0;0.0;;1.0;5.0;9.0;b;1;Exp22DM08_inoc1_saisie_V2;Fichier total
Exp22DM08-Inoc1-T6-P63;7.0;1.0;9.0;1.0;5.0;7.0;c;1;Exp22DM08_inoc1_saisie_V2;Fichier total
Exp22DM08-Inoc1-T6-P63;9.0;0.0;;1.0;7.0;9.0;a;2;Exp22DM08_inoc1_saisie_V2;Fichier total
Exp22DM08-Inoc1-T6-P63;9.0;0.0;;1.0;5.0;9.0;b;2;Exp22DM08_inoc1_saisie_V2;Fichier total
Exp22DM08-Inoc1-T6-P63;9.0;0.0;;1.0;5.0;9.0;c;2;Exp22DM08_inoc1_saisie_V2;Fichier total
Exp22DM08-Inoc1-T6-P63;3.0;1.0;3.0;0.0;;;a;3;Exp22DM08_inoc1_saisie_V2;Fichier total
Exp22DM08-Inoc1-T6-P63;3.0;1.0;5.0;0.0;;;b;3;Exp22DM08_inoc1_saisie_V2;Fichier total
Exp22DM08-Inoc1-T6-P63;3.0;1.0;5.0;0.0;;;c;3;Exp22DM08_inoc1_saisie_V2;Fichier total
Exp22DM08-Inoc1-T6-P63;1.0;1.0;3.0;0.0;;;a;4;Exp22DM08_inoc1_saisie_V2;Fichier total
Exp22DM08-Inoc1-T6-P63;1.0;1.0;3.0;0.0;;;b;4;Exp22DM08_inoc1_saisie_V2;Fichier total
Exp22DM08-Inoc1-T6-P63;1.0;1.0;3.0;0.0;;;c;4;Exp22DM08_inoc1_saisie_V2;Fichier total
Exp22DM08-Inoc1-T6-P64;3.0;1.0;3.0;0.0;;;a;1;Exp22DM08_inoc1_saisie_V2;Fichier total
Exp22DM08-Inoc1-T6-P64;1.0;1.0;3.0;0.0;;;b;1;Exp22DM08_inoc1_saisie_V2;Fichier total
Exp22DM08-Inoc1-T6-P64;1.0;1.0;3.0;0.0;;;c;1;Exp22DM08_inoc1_saisie_V2;Fichier total
Exp22DM08-Inoc1-T6-P64;3.0;1.0;5.0;1.0;5.0;1.0;a;2;Exp22DM08_inoc1_saisie_V2;Fichier total
Exp22DM08-Inoc1-T6-P64;3.0;1.0;5.0;1.0;5.0;1.0;b;2;Exp22DM08_inoc1_saisie_V2;Fichier total
Exp22DM08-Inoc1-T6-P64;3.0;1.0;5.0;1.0;5.0;1.0;c;2;Exp22DM08_inoc1_saisie_V2;Fichier total
Exp22DM08-Inoc1-T6-P64;1.0;1.0;3.0;0.0;;;a;3;Exp22DM08_inoc1_saisie_V2;Fichier total
Exp22DM08-Inoc1-T6-P64;1.0;1.0;3.0;0.0;;;b;3;Exp22DM08_inoc1_saisie_V2;Fichier total
Exp22DM08-Inoc1-T6-P64;1.0;1.0;3.0;1.0;5.0;3.0;c;3;Exp22DM08_inoc1_saisie_V2;Fichier total
Exp22DM08-Inoc1-T6-P64;1.0;1.0;1.0;0.0;;;a;4;Exp22DM08_inoc1_saisie_V2;Fichier total
Exp22DM08-Inoc1-T6-P64;1.0;1.0;1.0;0.0;;;b;4;Exp22DM08_inoc1_saisie_V2;Fichier total
Exp22DM08-Inoc1-T6-P64;1.0;1.0;1.0;0.0;;;c;4;Exp22DM08_inoc1_saisie_V2;Fichier total
Exp22DM08-Inoc1-T6-P65;7.0;1.0;7.0;1.0;7.0;7.0;a;1;Exp22DM08_inoc1_saisie_V2;Fichier total
Exp22DM08-Inoc1-T6-P65;5.0;1.0;5.0;1.0;7.0;5.0;b;1;Exp22DM08_inoc1_saisie_V2;Fichier total
Exp22DM08-Inoc1-T6-P65;5.0;1.0;5.0;1.0;5.0;9.0;c;1;Exp22DM08_inoc1_saisie_V2;Fichier total
Exp22DM08-Inoc1-T6-P65;9.0;0.0;;1.0;5.0;9.0;a;2;Exp22DM08_inoc1_saisie_V2;Fichier total
Exp22DM08-Inoc1-T6-P65;9.0;0.0;;1.0;5.0;9.0;b;2;Exp22DM08_inoc1_saisie_V2;Fichier total
Exp22DM08-Inoc1-T6-P65;9.0;0.0;;1.0;5.0;7.0;c;2;Exp22DM08_inoc1_saisie_V2;Fichier total
Exp22DM08-Inoc1-T6-P65;9.0;0.0;;1.0;5.0;9.0;a;3;Exp22DM08_inoc1_saisie_V2;Fichier total
Exp22DM08-Inoc1-T6-P65;9.0;0.0;;1.0;5.0;9.0;b;3;Exp22DM08_inoc1_saisie_V2;Fichier total
Exp22DM08-Inoc1-T6-P65;9.0;0.0;;1.0;5.0;9.0;c;3;Exp22DM08_inoc1_saisie_V2;Fichier total
Exp22DM08-Inoc1-T6-P65;3.0;1.0;5.0;0.0;;;a;4;Exp22DM08_inoc1_saisie_V2;Fichier total
Exp22DM08-Inoc1-T6-P65;1.0;1.0;5.0;0.0;;;b;4;Exp22DM08_inoc1_saisie_V2;Fichier total
Exp22DM08-Inoc1-T6-P65;3.0;1.0;5.0;0.0;;;c;4;Exp22DM08_inoc1_saisie_V2;Fichier total
Exp22DM08-Inoc1-T6-P66;3.0;1.0;3.0;1.0;5.0;3.0;a;1;Exp22DM08_inoc1_saisie_V2;Fichier total
Exp22DM08-Inoc1-T6-P66;7.0;1.0;5.0;1.0;3.0;1.0;b;1;Exp22DM08_inoc1_saisie_V2;Fichier total
Exp22DM08-Inoc1-T6-P66;7.0;1.0;5.0;1.0;1.0;1.0;c;1;Exp22DM08_inoc1_saisie_V2;Fichier total
Exp22DM08-Inoc1-T6-P66;1.0;1.0;5.0;0.0;;;a;2;Exp22DM08_inoc1_saisie_V2;Fichier total
Exp22DM08-Inoc1-T6-P66;1.0;1.0;3.0;0.0;;;b;2;Exp22DM08_inoc1_saisie_V2;Fichier total
Exp22DM08-Inoc1-T6-P66;1.0;1.0;3.0;0.0;;;c;2;Exp22DM08_inoc1_saisie_V2;Fichier total
Exp22DM08-Inoc1-T6-P66;5.0;1.0;7.0;0.0;;;a;3;Exp22DM08_inoc1_saisie_V2;Fichier total
Exp22DM08-Inoc1-T6-P66;5.0;1.0;7.0;1.0;7.0;9.0;b;3;Exp22DM08_inoc1_saisie_V2;Fichier total
Exp22DM08-Inoc1-T6-P66;5.0;1.0;7.0;0.0;;;c;3;Exp22DM08_inoc1_saisie_V2;Fichier total
Exp22DM08-Inoc1-T6-P66;1.0;1.0;1.0;0.0;;;a;4;Exp22DM08_inoc1_saisie_V2;Fichier total
Exp22DM08-Inoc1-T6-P66;1.0;1.0;1.0;0.0;;;b;4;Exp22DM08_inoc1_saisie_V2;Fichier total
Exp22DM08-Inoc1-T6-P66;1.0;1.0;1.0;0.0;;;c;4;Exp22DM08_inoc1_saisie_V2;Fichier total
Exp22DM08-Inoc1-T6-P67;3.0;1.0;5.0;0.0;;;a;1;Exp22DM08_inoc1_saisie_V2;Fichier total
Exp22DM08-Inoc1-T6-P67;1.0;1.0;5.0;0.0;;;b;1;Exp22DM08_inoc1_saisie_V2;Fichier total
Exp22DM08-Inoc1-T6-P67;1.0;1.0;3.0;0.0;;;c;1;Exp22DM08_inoc1_saisie_V2;Fichier total
Exp22DM08-Inoc1-T6-P67;5.0;1.0;5.0;1.0;5.0;7.0;a;2;Exp22DM08_inoc1_saisie_V2;Fichier total
Exp22DM08-Inoc1-T6-P67;5.0;1.0;5.0;1.0;5.0;7.0;b;2;Exp22DM08_inoc1_saisie_V2;Fichier total
Exp22DM08-Inoc1-T6-P67;3.0;1.0;3.0;1.0;5.0;7.0;c;2;Exp22DM08_inoc1_saisie_V2;Fichier total
Exp22DM08-Inoc1-T6-P67;1.0;1.0;1.0;0.0;;;a;3;Exp22DM08_inoc1_saisie_V2;Fichier total
Exp22DM08-Inoc1-T6-P67;3.0;1.0;3.0;0.0;;;b;3;Exp22DM08_inoc1_saisie_V2;Fichier total
Exp22DM08-Inoc1-T6-P67;3.0;1.0;3.0;0.0;;;c;3;Exp22DM08_inoc1_saisie_V2;Fichier total
Exp22DM08-Inoc1-T6-P67;5.0;1.0;3.0;1.0;7.0;7.0;a;4;Exp22DM08_inoc1_saisie_V2;Fichier total
Exp22DM08-Inoc1-T6-P67;3.0;1.0;5.0;1.0;7.0;7.0;b;4;Exp22DM08_inoc1_saisie_V2;Fichier total
Exp22DM08-Inoc1-T6-P67;7.0;1.0;7.0;1.0;9.0;9.0;c;4;Exp22DM08_inoc1_saisie_V2;Fichier total
Exp22DM08-Inoc1-T6-P68;7.0;1.0;7.0;1.0;5.0;7.0;a;1;Exp22DM08_inoc1_saisie_V2;Fichier total
Exp22DM08-Inoc1-T6-P68;7.0;1.0;7.0;1.0;5.0;7.0;b;1;Exp22DM08_inoc1_saisie_V2;Fichier total
Exp22DM08-Inoc1-T6-P68;7.0;1.0;7.0;1.0;7.0;7.0;c;1;Exp22DM08_inoc1_saisie_V2;Fichier total
Exp22DM08-Inoc1-T6-P68;5.0;1.0;1.0;0.0;;;a;2;Exp22DM08_inoc1_saisie_V2;Fichier total
Exp22DM08-Inoc1-T6-P68;1.0;1.0;5.0;1.0;3.0;1.0;b;2;Exp22DM08_inoc1_saisie_V2;Fichier total
Exp22DM08-Inoc1-T6-P68;1.0;1.0;5.0;1.0;3.0;1.0;c;2;Exp22DM08_inoc1_saisie_V2;Fichier total
Exp22DM08-Inoc1-T6-P68;7.0;1.0;9.0;1.0;5.0;7.0;a;3;Exp22DM08_inoc1_saisie_V2;Fichier total
Exp22DM08-Inoc1-T6-P68;7.0;1.0;9.0;1.0;5.0;7.0;b;3;Exp22DM08_inoc1_saisie_V2;Fichier total
Exp22DM08-Inoc1-T6-P68;7.0;1.0;9.0;1.0;5.0;7.0;c;3;Exp22DM08_inoc1_saisie_V2;Fichier total
Exp22DM08-Inoc1-T6-P68;7.0;1.0;7.0;0.0;;;a;4;Exp22DM08_inoc1_saisie_V2;Fichier total
Exp22DM08-Inoc1-T6-P68;5.0;1.0;5.0;0.0;;;b;4;Exp22DM08_inoc1_saisie_V2;Fichier total
Exp22DM08-Inoc1-T6-P68;5.0;1.0;7.0;0.0;;;c;4;Exp22DM08_inoc1_saisie_V2;Fichier total
Exp22DM08-Inoc1-T6-P69;7.0;1.0;7.0;1.0;5.0;7.0;a;1;Exp22DM08_inoc1_saisie_V2;Fichier total
Exp22DM08-Inoc1-T6-P69;5.0;1.0;5.0;1.0;7.0;7.0;b;1;Exp22DM08_inoc1_saisie_V2;Fichier total
Exp22DM08-Inoc1-T6-P69;7.0;1.0;7.0;1.0;5.0;5.0;c;1;Exp22DM08_inoc1_saisie_V2;Fichier total
Exp22DM08-Inoc1-T6-P69;5.0;1.0;3.0;0.0;;;a;2;Exp22DM08_inoc1_saisie_V2;Fichier total
Exp22DM08-Inoc1-T6-P69;3.0;1.0;3.0;0.0;;;b;2;Exp22DM08_inoc1_saisie_V2;Fichier total
Exp22DM08-Inoc1-T6-P69;5.0;1.0;3.0;0.0;;;c;2;Exp22DM08_inoc1_saisie_V2;Fichier total
Exp22DM08-Inoc1-T6-P69;1.0;1.0;1.0;0.0;;;a;3;Exp22DM08_inoc1_saisie_V2;Fichier total
Exp22DM08-Inoc1-T6-P69;1.0;1.0;1.0;0.0;;;b;3;Exp22DM08_inoc1_saisie_V2;Fichier total
Exp22DM08-Inoc1-T6-P69;1.0;1.0;1.0;0.0;;;c;3;Exp22DM08_inoc1_saisie_V2;Fichier total
Exp22DM08-Inoc1-T6-P69;3.0;1.0;3.0;0.0;;;a;4;Exp22DM08_inoc1_saisie_V2;Fichier total
Exp22DM08-Inoc1-T6-P69;5.0;1.0;3.0;0.0;;;b;4;Exp22DM08_inoc1_saisie_V2;Fichier total
Exp22DM08-Inoc1-T6-P69;1.0;1.0;3.0;0.0;;;c;4;Exp22DM08_inoc1_saisie_V2;Fichier total
Exp22DM08-Inoc1-T6-P70;1.0;1.0;3.0;1.0;5.0;1.0;a;1;Exp22DM08_inoc1_saisie_V2;Fichier total
Exp22DM08-Inoc1-T6-P70;1.0;1.0;5.0;1.0;3.0;3.0;b;1;Exp22DM08_inoc1_saisie_V2;Fichier total
Exp22DM08-Inoc1-T6-P70;3.0;1.0;3.0;1.0;5.0;3.0;c;1;Exp22DM08_inoc1_saisie_V2;Fichier total
Exp22DM08-Inoc1-T6-P70;5.0;1.0;7.0;1.0;5.0;9.0;a;2;Exp22DM08_inoc1_saisie_V2;Fichier total
Exp22DM08-Inoc1-T6-P70;3.0;1.0;5.0;0.0;;;b;2;Exp22DM08_inoc1_saisie_V2;Fichier total
Exp22DM08-Inoc1-T6-P70;3.0;1.0;5.0;0.0;;;c;2;Exp22DM08_inoc1_saisie_V2;Fichier total
Exp22DM08-Inoc1-T6-P70;3.0;1.0;5.0;1.0;5.0;3.0;a;3;Exp22DM08_inoc1_saisie_V2;Fichier total
Exp22DM08-Inoc1-T6-P70;1.0;1.0;5.0;0.0;;;b;3;Exp22DM08_inoc1_saisie_V2;Fichier total
Exp22DM08-Inoc1-T6-P70;1.0;1.0;1.0;0.0;;;c;3;Exp22DM08_inoc1_saisie_V2;Fichier total
Exp22DM08-Inoc1-T6-P70;7.0;1.0;9.0;1.0;9.0;9.0;a;4;Exp22DM08_inoc1_saisie_V2;Fichier total
Exp22DM08-Inoc1-T6-P70;7.0;1.0;7.0;0.0;;;b;4;Exp22DM08_inoc1_saisie_V2;Fichier total
Exp22DM08-Inoc1-T6-P70;7.0;1.0;7.0;0.0;;;c;4;Exp22DM08_inoc1_saisie_V2;Fichier total
Exp22DM08-Inoc1-T6-P71;9.0;0.0;;0.0;;;a;1;Exp22DM08_inoc1_saisie_V2;Fichier total
Exp22DM08-Inoc1-T6-P71;7.0;1.0;9.0;1.0;5.0;9.0;b;1;Exp22DM08_inoc1_saisie_V2;Fichier total
Exp22DM08-Inoc1-T6-P71;7.0;1.0;9.0;1.0;7.0;5.0;c;1;Exp22DM08_inoc1_saisie_V2;Fichier total
Exp22DM08-Inoc1-T6-P71;1.0;1.0;3.0;0.0;;;a;2;Exp22DM08_inoc1_saisie_V2;Fichier total
Exp22DM08-Inoc1-T6-P71;1.0;1.0;3.0;0.0;;;b;2;Exp22DM08_inoc1_saisie_V2;Fichier total
Exp22DM08-Inoc1-T6-P71;1.0;1.0;3.0;0.0;;;c;2;Exp22DM08_inoc1_saisie_V2;Fichier total
Exp22DM08-Inoc1-T6-P71;1.0;1.0;3.0;0.0;;;a;3;Exp22DM08_inoc1_saisie_V2;Fichier total
Exp22DM08-Inoc1-T6-P71;1.0;1.0;3.0;0.0;;;b;3;Exp22DM08_inoc1_saisie_V2;Fichier total
Exp22DM08-Inoc1-T6-P71;1.0;1.0;3.0;1.0;7.0;1.0;c;3;Exp22DM08_inoc1_saisie_V2;Fichier total
Exp22DM08-Inoc1-T6-P71;1.0;1.0;3.0;0.0;;;a;4;Exp22DM08_inoc1_saisie_V2;Fichier total
Exp22DM08-Inoc1-T6-P71;1.0;1.0;1.0;0.0;;;b;4;Exp22DM08_inoc1_saisie_V2;Fichier total
Exp22DM08-Inoc1-T6-P71;1.0;1.0;1.0;0.0;;;c;4;Exp22DM08_inoc1_saisie_V2;Fichier total
Exp22DM08-Inoc1-T6-P72;3.0;1.0;3.0;0.0;;;a;1;Exp22DM08_inoc1_saisie_V2;Fichier total
Exp22DM08-Inoc1-T6-P72;3.0;1.0;1.0;0.0;;;b;1;Exp22DM08_inoc1_saisie_V2;Fichier total
Exp22DM08-Inoc1-T6-P72;3.0;1.0;1.0;0.0;;;c;1;Exp22DM08_inoc1_saisie_V2;Fichier total
Exp22DM08-Inoc1-T6-P72;5.0;1.0;7.0;1.0;5.0;7.0;a;2;Exp22DM08_inoc1_saisie_V2;Fichier total
Exp22DM08-Inoc1-T6-P72;5.0;1.0;7.0;1.0;5.0;7.0;b;2;Exp22DM08_inoc1_saisie_V2;Fichier total
Exp22DM08-Inoc1-T6-P72;5.0;1.0;7.0;1.0;5.0;7.0;c;2;Exp22DM08_inoc1_saisie_V2;Fichier total
Exp22DM08-Inoc1-T6-P72;7.0;1.0;9.0;1.0;3.0;1.0;a;3;Exp22DM08_inoc1_saisie_V2;Fichier total
Exp22DM08-Inoc1-T6-P72;7.0;1.0;9.0;1.0;1.0;1.0;b;3;Exp22DM08_inoc1_saisie_V2;Fichier total
Exp22DM08-Inoc1-T6-P72;7.0;1.0;9.0;1.0;3.0;1.0;c;3;Exp22DM08_inoc1_saisie_V2;Fichier total
Exp22DM08-Inoc1-T6-P72;5.0;1.0;9.0;0.0;;;a;4;Exp22DM08_inoc1_saisie_V2;Fichier total
Exp22DM08-Inoc1-T6-P72;5.0;1.0;9.0;0.0;;;b;4;Exp22DM08_inoc1_saisie_V2;Fichier total
Exp22DM08-Inoc1-T6-P72;5.0;1.0;9.0;0.0;;;c;4;Exp22DM08_inoc1_saisie_V2;Fichier total
Exp22DM08-Inoc1-T6-P73;3.0;1.0;1.0;0.0;;;a;1;Exp22DM08_inoc1_saisie_V2;Fichier total
Exp22DM08-Inoc1-T6-P73;3.0;1.0;3.0;0.0;;;b;1;Exp22DM08_inoc1_saisie_V2;Fichier total
Exp22DM08-Inoc1-T6-P73;3.0;1.0;3.0;0.0;;;c;1;Exp22DM08_inoc1_saisie_V2;Fichier total
Exp22DM08-Inoc1-T6-P73;1.0;1.0;3.0;0.0;;;a;2;Exp22DM08_inoc1_saisie_V2;Fichier total
Exp22DM08-Inoc1-T6-P73;1.0;1.0;3.0;0.0;;;b;2;Exp22DM08_inoc1_saisie_V2;Fichier total
Exp22DM08-Inoc1-T6-P73;1.0;1.0;3.0;0.0;;;c;2;Exp22DM08_inoc1_saisie_V2;Fichier total
Exp22DM08-Inoc1-T6-P73;1.0;1.0;3.0;0.0;;;a;3;Exp22DM08_inoc1_saisie_V2;Fichier total
Exp22DM08-Inoc1-T6-P73;1.0;1.0;5.0;0.0;;;b;3;Exp22DM08_inoc1_saisie_V2;Fichier total
Exp22DM08-Inoc1-T6-P73;3.0;1.0;1.0;0.0;;;c;3;Exp22DM08_inoc1_saisie_V2;Fichier total
Exp22DM08-Inoc1-T6-P73;3.0;1.0;5.0;0.0;;;a;4;Exp22DM08_inoc1_saisie_V2;Fichier total
Exp22DM08-Inoc1-T6-P73;3.0;1.0;5.0;0.0;;;b;4;Exp22DM08_inoc1_saisie_V2;Fichier total
Exp22DM08-Inoc1-T6-P73;3.0;1.0;5.0;0.0;;;c;4;Exp22DM08_inoc1_saisie_V2;Fichier total
Exp22DM08-Inoc1-T6-P74;3.0;1.0;5.0;0.0;;;a;1;Exp22DM08_inoc1_saisie_V2;Fichier total
Exp22DM08-Inoc1-T6-P74;3.0;1.0;3.0;0.0;;;b;1;Exp22DM08_inoc1_saisie_V2;Fichier total
Exp22DM08-Inoc1-T6-P74;3.0;1.0;3.0;0.0;;;c;1;Exp22DM08_inoc1_saisie_V2;Fichier total
Exp22DM08-Inoc1-T6-P74;3.0;1.0;5.0;0.0;;;a;2;Exp22DM08_inoc1_saisie_V2;Fichier total
Exp22DM08-Inoc1-T6-P74;3.0;1.0;3.0;0.0;;;b;2;Exp22DM08_inoc1_saisie_V2;Fichier total
Exp22DM08-Inoc1-T6-P74;3.0;1.0;3.0;0.0;;;c;2;Exp22DM08_inoc1_saisie_V2;Fichier total
Exp22DM08-Inoc1-T6-P74;3.0;1.0;1.0;0.0;;;a;3;Exp22DM08_inoc1_saisie_V2;Fichier total
Exp22DM08-Inoc1-T6-P74;3.0;1.0;1.0;0.0;;;b;3;Exp22DM08_inoc1_saisie_V2;Fichier total
Exp22DM08-Inoc1-T6-P74;3.0;1.0;1.0;0.0;;;c;3;Exp22DM08_inoc1_saisie_V2;Fichier total
Exp22DM08-Inoc1-T6-P74;5.0;1.0;7.0;0.0;;;a;4;Exp22DM08_inoc1_saisie_V2;Fichier total
Exp22DM08-Inoc1-T6-P74;5.0;1.0;7.0;0.0;;;b;4;Exp22DM08_inoc1_saisie_V2;Fichier total
Exp22DM08-Inoc1-T6-P74;5.0;1.0;7.0;0.0;;;c;4;Exp22DM08_inoc1_saisie_V2;Fichier total
Exp22DM08-Inoc1-T6-P75;7.0;1.0;5.0;1.0;5.0;7.0;a;1;Exp22DM08_inoc1_saisie_V2;Fichier total
Exp22DM08-Inoc1-T6-P75;5.0;1.0;5.0;1.0;5.0;7.0;b;1;Exp22DM08_inoc1_saisie_V2;Fichier total
Exp22DM08-Inoc1-T6-P75;7.0;1.0;5.0;1.0;7.0;5.0;c;1;Exp22DM08_inoc1_saisie_V2;Fichier total
Exp22DM08-Inoc1-T6-P75;5.0;1.0;5.0;0.0;;;a;2;Exp22DM08_inoc1_saisie_V2;Fichier total
Exp22DM08-Inoc1-T6-P75;5.0;1.0;3.0;0.0;;;b;2;Exp22DM08_inoc1_saisie_V2;Fichier total
Exp22DM08-Inoc1-T6-P75;5.0;1.0;5.0;0.0;;;c;2;Exp22DM08_inoc1_saisie_V2;Fichier total
Exp22DM08-Inoc1-T6-P75;1.0;1.0;3.0;0.0;;;a;3;Exp22DM08_inoc1_saisie_V2;Fichier total
Exp22DM08-Inoc1-T6-P75;1.0;1.0;3.0;1.0;5.0;1.0;b;3;Exp22DM08_inoc1_saisie_V2;Fichier total
Exp22DM08-Inoc1-T6-P75;1.0;1.0;3.0;0.0;;;c;3;Exp22DM08_inoc1_saisie_V2;Fichier total
Exp22DM08-Inoc1-T6-P75;7.0;1.0;7.0;1.0;5.0;7.0;a;4;Exp22DM08_inoc1_saisie_V2;Fichier total
Exp22DM08-Inoc1-T6-P75;5.0;1.0;7.0;1.0;5.0;7.0;b;4;Exp22DM08_inoc1_saisie_V2;Fichier total
Exp22DM08-Inoc1-T6-P75;7.0;1.0;7.0;1.0;5.0;7.0;c;4;Exp22DM08_inoc1_saisie_V2;Fichier total
Exp22DM08-Inoc1-T6-P76;3.0;1.0;1.0;0.0;;;a;1;Exp22DM08_inoc1_saisie_V2;Fichier total
Exp22DM08-Inoc1-T6-P76;3.0;1.0;1.0;0.0;;;b;1;Exp22DM08_inoc1_saisie_V2;Fichier total
Exp22DM08-Inoc1-T6-P76;3.0;1.0;5.0;0.0;;;c;1;Exp22DM08_inoc1_saisie_V2;Fichier total
Exp22DM08-Inoc1-T6-P76;5.0;1.0;7.0;0.0;;;a;2;Exp22DM08_inoc1_saisie_V2;Fichier total
Exp22DM08-Inoc1-T6-P76;5.0;1.0;7.0;0.0;;;b;2;Exp22DM08_inoc1_saisie_V2;Fichier total
Exp22DM08-Inoc1-T6-P76;5.0;1.0;7.0;0.0;;;c;2;Exp22DM08_inoc1_saisie_V2;Fichier total
Exp22DM08-Inoc1-T6-P76;3.0;1.0;3.0;1.0;5.0;1.0;a;3;Exp22DM08_inoc1_saisie_V2;Fichier total
Exp22DM08-Inoc1-T6-P76;3.0;1.0;5.0;1.0;5.0;1.0;b;3;Exp22DM08_inoc1_saisie_V2;Fichier total
Exp22DM08-Inoc1-T6-P76;3.0;1.0;5.0;1.0;5.0;1.0;c;3;Exp22DM08_inoc1_saisie_V2;Fichier total
Exp22DM08-Inoc1-T6-P76;1.0;1.0;3.0;0.0;;;a;4;Exp22DM08_inoc1_saisie_V2;Fichier total
Exp22DM08-Inoc1-T6-P76;1.0;1.0;3.0;0.0;;;b;4;Exp22DM08_inoc1_saisie_V2;Fichier total
Exp22DM08-Inoc1-T6-P76;3.0;1.0;3.0;0.0;;;c;4;Exp22DM08_inoc1_saisie_V2;Fichier total
Exp22DM08-Inoc1-T6-P77;5.0;1.0;5.0;1.0;5.0;7.0;a;1;Exp22DM08_inoc1_saisie_V2;Fichier total
Exp22DM08-Inoc1-T6-P77;5.0;1.0;7.0;1.0;5.0;7.0;b;1;Exp22DM08_inoc1_saisie_V2;Fichier total
Exp22DM08-Inoc1-T6-P77;5.0;1.0;7.0;1.0;5.0;7.0;c;1;Exp22DM08_inoc1_saisie_V2;Fichier total
Exp22DM08-Inoc1-T6-P77;5.0;1.0;3.0;0.0;;;a;2;Exp22DM08_inoc1_saisie_V2;Fichier total
Exp22DM08-Inoc1-T6-P77;5.0;1.0;3.0;1.0;5.0;7.0;b;2;Exp22DM08_inoc1_saisie_V2;Fichier total
Exp22DM08-Inoc1-T6-P77;3.0;1.0;5.0;1.0;5.0;7.0;c;2;Exp22DM08_inoc1_saisie_V2;Fichier total
Exp22DM08-Inoc1-T6-P77;5.0;1.0;7.0;1.0;7.0;7.0;a;3;Exp22DM08_inoc1_saisie_V2;Fichier total
Exp22DM08-Inoc1-T6-P77;5.0;1.0;7.0;1.0;7.0;7.0;b;3;Exp22DM08_inoc1_saisie_V2;Fichier total
Exp22DM08-Inoc1-T6-P77;5.0;1.0;7.0;1.0;7.0;7.0;c;3;Exp22DM08_inoc1_saisie_V2;Fichier total
Exp22DM08-Inoc1-T6-P77;3.0;1.0;1.0;0.0;;;a;4;Exp22DM08_inoc1_saisie_V2;Fichier total
Exp22DM08-Inoc1-T6-P77;3.0;1.0;1.0;0.0;;;b;4;Exp22DM08_inoc1_saisie_V2;Fichier total
Exp22DM08-Inoc1-T6-P77;3.0;1.0;1.0;0.0;;;c;4;Exp22DM08_inoc1_saisie_V2;Fichier total
Exp22DM08-Inoc1-T6-P78;5.0;1.0;7.0;1.0;5.0;7.0;a;1;Exp22DM08_inoc1_saisie_V2;Fichier total
Exp22DM08-Inoc1-T6-P78;5.0;1.0;5.0;1.0;5.0;7.0;b;1;Exp22DM08_inoc1_saisie_V2;Fichier total
Exp22DM08-Inoc1-T6-P78;7.0;1.0;5.0;1.0;5.0;7.0;c;1;Exp22DM08_inoc1_saisie_V2;Fichier total
Exp22DM08-Inoc1-T6-P78;7.0;1.0;9.0;1.0;7.0;7.0;a;2;Exp22DM08_inoc1_saisie_V2;Fichier total
Exp22DM08-Inoc1-T6-P78;7.0;1.0;9.0;1.0;7.0;7.0;b;2;Exp22DM08_inoc1_saisie_V2;Fichier total
Exp22DM08-Inoc1-T6-P78;7.0;1.0;9.0;1.0;7.0;7.0;c;2;Exp22DM08_inoc1_saisie_V2;Fichier total
Exp22DM08-Inoc1-T6-P78;7.0;1.0;7.0;1.0;7.0;7.0;a;3;Exp22DM08_inoc1_saisie_V2;Fichier total
Exp22DM08-Inoc1-T6-P78;5.0;1.0;7.0;1.0;7.0;9.0;b;3;Exp22DM08_inoc1_saisie_V2;Fichier total
Exp22DM08-Inoc1-T6-P78;5.0;1.0;7.0;1.0;7.0;9.0;c;3;Exp22DM08_inoc1_saisie_V2;Fichier total
Exp22DM08-Inoc1-T6-P78;5.0;1.0;7.0;0.0;;;a;4;Exp22DM08_inoc1_saisie_V2;Fichier total
Exp22DM08-Inoc1-T6-P78;5.0;1.0;7.0;0.0;;;b;4;Exp22DM08_inoc1_saisie_V2;Fichier total
Exp22DM08-Inoc1-T6-P78;5.0;1.0;7.0;0.0;;;c;4;Exp22DM08_inoc1_saisie_V2;Fichier total
Exp22DM08-Inoc1-T6-P79;3.0;1.0;1.0;0.0;;;a;1;Exp22DM08_inoc1_saisie_V2;Fichier total
Exp22DM08-Inoc1-T6-P79;1.0;1.0;1.0;0.0;;;b;1;Exp22DM08_inoc1_saisie_V2;Fichier total
Exp22DM08-Inoc1-T6-P79;1.0;1.0;1.0;0.0;;;c;1;Exp22DM08_inoc1_saisie_V2;Fichier total
Exp22DM08-Inoc1-T6-P79;1.0;1.0;3.0;1.0;7.0;5.0;a;2;Exp22DM08_inoc1_saisie_V2;Fichier total
Exp22DM08-Inoc1-T6-P79;3.0;1.0;5.0;1.0;7.0;5.0;b;2;Exp22DM08_inoc1_saisie_V2;Fichier total
Exp22DM08-Inoc1-T6-P79;3.0;1.0;5.0;1.0;5.0;5.0;c;2;Exp22DM08_inoc1_saisie_V2;Fichier total
Exp22DM08-Inoc1-T6-P79;3.0;1.0;1.0;0.0;;;a;3;Exp22DM08_inoc1_saisie_V2;Fichier total
Exp22DM08-Inoc1-T6-P79;1.0;1.0;1.0;0.0;;;b;3;Exp22DM08_inoc1_saisie_V2;Fichier total
Exp22DM08-Inoc1-T6-P79;1.0;1.0;1.0;0.0;;;c;3;Exp22DM08_inoc1_saisie_V2;Fichier total
Exp22DM08-Inoc1-T6-P79;5.0;1.0;1.0;0.0;;;a;4;Exp22DM08_inoc1_saisie_V2;Fichier total
Exp22DM08-Inoc1-T6-P79;5.0;1.0;3.0;0.0;;;b;4;Exp22DM08_inoc1_saisie_V2;Fichier total
Exp22DM08-Inoc1-T6-P79;5.0;1.0;3.0;0.0;;;c;4;Exp22DM08_inoc1_saisie_V2;Fichier total
Exp22DM08-Inoc1-T6-P80;1.0;1.0;1.0;0.0;;;a;1;Exp22DM08_inoc1_saisie_V2;Fichier total
Exp22DM08-Inoc1-T6-P80;1.0;1.0;1.0;0.0;;;b;1;Exp22DM08_inoc1_saisie_V2;Fichier total
Exp22DM08-Inoc1-T6-P80;1.0;1.0;1.0;0.0;;;c;1;Exp22DM08_inoc1_saisie_V2;Fichier total
Exp22DM08-Inoc1-T6-P80;3.0;1.0;5.0;1.0;7.0;7.0;a;2;Exp22DM08_inoc1_saisie_V2;Fichier total
Exp22DM08-Inoc1-T6-P80;3.0;1.0;5.0;1.0;7.0;7.0;b;2;Exp22DM08_inoc1_saisie_V2;Fichier total
Exp22DM08-Inoc1-T6-P80;5.0;1.0;5.0;1.0;7.0;7.0;c;2;Exp22DM08_inoc1_saisie_V2;Fichier total
Exp22DM08-Inoc1-T6-P80;7.0;1.0;5.0;1.0;3.0;3.0;a;3;Exp22DM08_inoc1_saisie_V2;Fichier total
Exp22DM08-Inoc1-T6-P80;5.0;1.0;5.0;1.0;3.0;3.0;b;3;Exp22DM08_inoc1_saisie_V2;Fichier total
Exp22DM08-Inoc1-T6-P80;5.0;1.0;5.0;1.0;3.0;3.0;c;3;Exp22DM08_inoc1_saisie_V2;Fichier total
Exp22DM08-Inoc1-T6-P80;1.0;1.0;1.0;0.0;;;a;4;Exp22DM08_inoc1_saisie_V2;Fichier total
Exp22DM08-Inoc1-T6-P80;1.0;1.0;1.0;0.0;;;b;4;Exp22DM08_inoc1_saisie_V2;Fichier total
Exp22DM08-Inoc1-T6-P80;1.0;1.0;1.0;0.0;;;c;4;Exp22DM08_inoc1_saisie_V2;Fichier total
Exp22DM08-Inoc1-T6-P81;1.0;1.0;1.0;0.0;;;a;1;Exp22DM08_inoc1_saisie_V2;Fichier total
Exp22DM08-Inoc1-T6-P81;1.0;1.0;1.0;0.0;;;b;1;Exp22DM08_inoc1_saisie_V2;Fichier total
Exp22DM08-Inoc1-T6-P81;1.0;1.0;1.0;0.0;;;c;1;Exp22DM08_inoc1_saisie_V2;Fichier total
Exp22DM08-Inoc1-T6-P81;5.0;1.0;5.0;0.0;;;a;2;Exp22DM08_inoc1_saisie_V2;Fichier total
Exp22DM08-Inoc1-T6-P81;5.0;1.0;5.0;0.0;;;b;2;Exp22DM08_inoc1_saisie_V2;Fichier total
Exp22DM08-Inoc1-T6-P81;5.0;1.0;5.0;0.0;;;c;2;Exp22DM08_inoc1_saisie_V2;Fichier total
Exp22DM08-Inoc1-T6-P81;7.0;1.0;5.0;1.0;5.0;5.0;a;3;Exp22DM08_inoc1_saisie_V2;Fichier total
Exp22DM08-Inoc1-T6-P81;5.0;1.0;5.0;1.0;9.0;7.0;b;3;Exp22DM08_inoc1_saisie_V2;Fichier total
Exp22DM08-Inoc1-T6-P81;5.0;1.0;7.0;0.0;;;c;3;Exp22DM08_inoc1_saisie_V2;Fichier total
Exp22DM08-Inoc1-T6-P81;7.0;1.0;7.0;1.0;5.0;5.0;a;4;Exp22DM08_inoc1_saisie_V2;Fichier total
Exp22DM08-Inoc1-T6-P81;7.0;1.0;7.0;1.0;5.0;5.0;b;4;Exp22DM08_inoc1_saisie_V2;Fichier total
Exp22DM08-Inoc1-T6-P81;7.0;1.0;7.0;1.0;3.0;5.0;c;4;Exp22DM08_inoc1_saisie_V2;Fichier total
Exp22DM08-Inoc1-T6-P82;7.0;1.0;7.0;1.0;3.0;5.0;a;1;Exp22DM08_inoc1_saisie_V2;Fichier total
Exp22DM08-Inoc1-T6-P82;7.0;1.0;9.0;1.0;3.0;5.0;b;1;Exp22DM08_inoc1_saisie_V2;Fichier total
Exp22DM08-Inoc1-T6-P82;7.0;1.0;9.0;1.0;3.0;5.0;c;1;Exp22DM08_inoc1_saisie_V2;Fichier total
Exp22DM08-Inoc1-T6-P82;5.0;1.0;7.0;1.0;5.0;7.0;a;2;Exp22DM08_inoc1_saisie_V2;Fichier total
Exp22DM08-Inoc1-T6-P82;5.0;1.0;5.0;1.0;5.0;5.0;b;2;Exp22DM08_inoc1_saisie_V2;Fichier total
Exp22DM08-Inoc1-T6-P82;5.0;1.0;5.0;1.0;5.0;5.0;c;2;Exp22DM08_inoc1_saisie_V2;Fichier total
Exp22DM08-Inoc1-T6-P82;5.0;1.0;7.0;0.0;;;a;3;Exp22DM08_inoc1_saisie_V2;Fichier total
Exp22DM08-Inoc1-T6-P82;5.0;1.0;7.0;0.0;;;b;3;Exp22DM08_inoc1_saisie_V2;Fichier total
Exp22DM08-Inoc1-T6-P82;5.0;1.0;5.0;0.0;;;c;3;Exp22DM08_inoc1_saisie_V2;Fichier total
Exp22DM08-Inoc1-T6-P82;3.0;1.0;5.0;0.0;;;a;4;Exp22DM08_inoc1_saisie_V2;Fichier total
Exp22DM08-Inoc1-T6-P82;3.0;1.0;5.0;0.0;;;b;4;Exp22DM08_inoc1_saisie_V2;Fichier total
Exp22DM08-Inoc1-T6-P82;3.0;1.0;3.0;0.0;;;c;4;Exp22DM08_inoc1_saisie_V2;Fichier total
Exp22DM08-Inoc1-T6-P83;5.0;1.0;5.0;0.0;;;a;1;Exp22DM08_inoc1_saisie_V2;Fichier total
Exp22DM08-Inoc1-T6-P83;3.0;1.0;5.0;0.0;;;b;1;Exp22DM08_inoc1_saisie_V2;Fichier total
Exp22DM08-Inoc1-T6-P83;3.0;1.0;5.0;0.0;;;c;1;Exp22DM08_inoc1_saisie_V2;Fichier total
Exp22DM08-Inoc1-T6-P83;5.0;1.0;7.0;1.0;9.0;9.0;a;2;Exp22DM08_inoc1_saisie_V2;Fichier total
Exp22DM08-Inoc1-T6-P83;5.0;1.0;5.0;0.0;;;b;2;Exp22DM08_inoc1_saisie_V2;Fichier total
Exp22DM08-Inoc1-T6-P83;7.0;1.0;7.0;1.0;7.0;5.0;c;2;Exp22DM08_inoc1_saisie_V2;Fichier total
Exp22DM08-Inoc1-T6-P83;3.0;1.0;5.0;1.0;3.0;5.0;a;3;Exp22DM08_inoc1_saisie_V2;Fichier total
Exp22DM08-Inoc1-T6-P83;3.0;1.0;7.0;1.0;7.0;7.0;b;3;Exp22DM08_inoc1_saisie_V2;Fichier total
Exp22DM08-Inoc1-T6-P83;3.0;1.0;5.0;0.0;;;c;3;Exp22DM08_inoc1_saisie_V2;Fichier total
Exp22DM08-Inoc1-T6-P83;5.0;1.0;7.0;1.0;5.0;9.0;a;4;Exp22DM08_inoc1_saisie_V2;Fichier total
Exp22DM08-Inoc1-T6-P83;5.0;1.0;7.0;1.0;5.0;9.0;b;4;Exp22DM08_inoc1_saisie_V2;Fichier total
Exp22DM08-Inoc1-T6-P83;5.0;1.0;7.0;1.0;5.0;7.0;c;4;Exp22DM08_inoc1_saisie_V2;Fichier total
Exp22DM08-Inoc1-T6-P84;1.0;1.0;5.0;0.0;;;a;1;Exp22DM08_inoc1_saisie_V2;Fichier total
Exp22DM08-Inoc1-T6-P84;1.0;1.0;5.0;0.0;;;b;1;Exp22DM08_inoc1_saisie_V2;Fichier total
Exp22DM08-Inoc1-T6-P84;1.0;1.0;5.0;0.0;;;c;1;Exp22DM08_inoc1_saisie_V2;Fichier total
Exp22DM08-Inoc1-T6-P84;3.0;1.0;5.0;0.0;;;a;2;Exp22DM08_inoc1_saisie_V2;Fichier total
Exp22DM08-Inoc1-T6-P84;3.0;1.0;5.0;0.0;;;b;2;Exp22DM08_inoc1_saisie_V2;Fichier total
Exp22DM08-Inoc1-T6-P84;3.0;1.0;5.0;0.0;;;c;2;Exp22DM08_inoc1_saisie_V2;Fichier total
Exp22DM08-Inoc1-T6-P84;7.0;1.0;7.0;1.0;9.0;7.0;a;3;Exp22DM08_inoc1_saisie_V2;Fichier total
Exp22DM08-Inoc1-T6-P84;7.0;1.0;9.0;1.0;9.0;7.0;b;3;Exp22DM08_inoc1_saisie_V2;Fichier total
Exp22DM08-Inoc1-T6-P84;7.0;1.0;9.0;1.0;7.0;7.0;c;3;Exp22DM08_inoc1_saisie_V2;Fichier total
Exp22DM08-Inoc1-T6-P84;1.0;1.0;5.0;0.0;;;a;4;Exp22DM08_inoc1_saisie_V2;Fichier total
Exp22DM08-Inoc1-T6-P84;1.0;1.0;5.0;0.0;;;b;4;Exp22DM08_inoc1_saisie_V2;Fichier total
Exp22DM08-Inoc1-T6-P84;1.0;1.0;5.0;0.0;;;c;4;Exp22DM08_inoc1_saisie_V2;Fichier total
Exp22DM08-Inoc1-T6-P85;3.0;1.0;3.0;0.0;;;a;1;Exp22DM08_inoc1_saisie_V2;Fichier total
Exp22DM08-Inoc1-T6-P85;3.0;1.0;5.0;1.0;7.0;9.0;b;1;Exp22DM08_inoc1_saisie_V2;Fichier total
Exp22DM08-Inoc1-T6-P85;3.0;1.0;3.0;0.0;;;c;1;Exp22DM08_inoc1_saisie_V2;Fichier total
Exp22DM08-Inoc1-T6-P85;1.0;1.0;3.0;0.0;;;a;2;Exp22DM08_inoc1_saisie_V2;Fichier total
Exp22DM08-Inoc1-T6-P85;3.0;1.0;3.0;1.0;5.0;7.0;b;2;Exp22DM08_inoc1_saisie_V2;Fichier total
Exp22DM08-Inoc1-T6-P85;1.0;1.0;3.0;0.0;;;c;2;Exp22DM08_inoc1_saisie_V2;Fichier total
Exp22DM08-Inoc1-T6-P85;3.0;1.0;1.0;0.0;;;a;3;Exp22DM08_inoc1_saisie_V2;Fichier total
Exp22DM08-Inoc1-T6-P85;1.0;1.0;3.0;1.0;9.0;3.0;b;3;Exp22DM08_inoc1_saisie_V2;Fichier total
Exp22DM08-Inoc1-T6-P85;1.0;1.0;3.0;0.0;;;c;3;Exp22DM08_inoc1_saisie_V2;Fichier total
Exp22DM08-Inoc1-T6-P85;5.0;1.0;7.0;1.0;5.0;5.0;a;4;Exp22DM08_inoc1_saisie_V2;Fichier total
Exp22DM08-Inoc1-T6-P85;5.0;1.0;7.0;1.0;5.0;5.0;b;4;Exp22DM08_inoc1_saisie_V2;Fichier total
Exp22DM08-Inoc1-T6-P85;5.0;1.0;7.0;1.0;5.0;5.0;c;4;Exp22DM08_inoc1_saisie_V2;Fichier total
Exp22DM08-Inoc1-T6-P86;1.0;1.0;1.0;0.0;;;a;1;Exp22DM08_inoc1_saisie_V2;Fichier total
Exp22DM08-Inoc1-T6-P86;1.0;1.0;3.0;0.0;;;b;1;Exp22DM08_inoc1_saisie_V2;Fichier total
Exp22DM08-Inoc1-T6-P86;1.0;1.0;3.0;0.0;;;c;1;Exp22DM08_inoc1_saisie_V2;Fichier total
Exp22DM08-Inoc1-T6-P86;1.0;1.0;3.0;0.0;;;a;2;Exp22DM08_inoc1_saisie_V2;Fichier total
Exp22DM08-Inoc1-T6-P86;3.0;1.0;5.0;0.0;;;b;2;Exp22DM08_inoc1_saisie_V2;Fichier total
Exp22DM08-Inoc1-T6-P86;1.0;1.0;1.0;0.0;;;c;2;Exp22DM08_inoc1_saisie_V2;Fichier total
Exp22DM08-Inoc1-T6-P86;3.0;1.0;5.0;1.0;5.0;7.0;a;3;Exp22DM08_inoc1_saisie_V2;Fichier total
Exp22DM08-Inoc1-T6-P86;3.0;1.0;5.0;1.0;5.0;7.0;b;3;Exp22DM08_inoc1_saisie_V2;Fichier total
Exp22DM08-Inoc1-T6-P86;3.0;1.0;3.0;1.0;5.0;7.0;c;3;Exp22DM08_inoc1_saisie_V2;Fichier total
Exp22DM08-Inoc1-T6-P86;5.0;1.0;9.0;1.0;5.0;7.0;a;4;Exp22DM08_inoc1_saisie_V2;Fichier total
Exp22DM08-Inoc1-T6-P86;7.0;1.0;5.0;1.0;5.0;7.0;b;4;Exp22DM08_inoc1_saisie_V2;Fichier total
Exp22DM08-Inoc1-T6-P86;7.0;1.0;7.0;0.0;;;c;4;Exp22DM08_inoc1_saisie_V2;Fichier total
Exp22DM08-Inoc1-T6-P87;3.0;1.0;3.0;0.0;;;a;1;Exp22DM08_inoc1_saisie_V2;Fichier total
Exp22DM08-Inoc1-T6-P87;1.0;1.0;5.0;0.0;;;b;1;Exp22DM08_inoc1_saisie_V2;Fichier total
Exp22DM08-Inoc1-T6-P87;3.0;1.0;3.0;0.0;;;c;1;Exp22DM08_inoc1_saisie_V2;Fichier total
Exp22DM08-Inoc1-T6-P87;3.0;1.0;5.0;1.0;3.0;1.0;a;2;Exp22DM08_inoc1_saisie_V2;Fichier total
Exp22DM08-Inoc1-T6-P87;3.0;1.0;5.0;1.0;5.0;1.0;b;2;Exp22DM08_inoc1_saisie_V2;Fichier total
Exp22DM08-Inoc1-T6-P87;3.0;1.0;5.0;1.0;3.0;1.0;c;2;Exp22DM08_inoc1_saisie_V2;Fichier total
Exp22DM08-Inoc1-T6-P87;1.0;1.0;1.0;0.0;;;a;3;Exp22DM08_inoc1_saisie_V2;Fichier total
Exp22DM08-Inoc1-T6-P87;1.0;1.0;1.0;0.0;;;b;3;Exp22DM08_inoc1_saisie_V2;Fichier total
Exp22DM08-Inoc1-T6-P87;1.0;1.0;3.0;0.0;;;c;3;Exp22DM08_inoc1_saisie_V2;Fichier total
Exp22DM08-Inoc1-T6-P87;1.0;1.0;1.0;0.0;;;a;4;Exp22DM08_inoc1_saisie_V2;Fichier total
Exp22DM08-Inoc1-T6-P87;1.0;1.0;1.0;0.0;;;b;4;Exp22DM08_inoc1_saisie_V2;Fichier total
Exp22DM08-Inoc1-T6-P87;1.0;1.0;1.0;0.0;;;c;4;Exp22DM08_inoc1_saisie_V2;Fichier total
Exp22DM08-Inoc1-T6-P88;3.0;1.0;5.0;0.0;;;a;1;Exp22DM08_inoc1_saisie_V2;Fichier total
Exp22DM08-Inoc1-T6-P88;3.0;1.0;3.0;0.0;;;b;1;Exp22DM08_inoc1_saisie_V2;Fichier total
Exp22DM08-Inoc1-T6-P88;3.0;1.0;5.0;0.0;;;c;1;Exp22DM08_inoc1_saisie_V2;Fichier total
Exp22DM08-Inoc1-T6-P88;3.0;1.0;5.0;0.0;;;a;2;Exp22DM08_inoc1_saisie_V2;Fichier total
Exp22DM08-Inoc1-T6-P88;3.0;1.0;5.0;0.0;;;b;2;Exp22DM08_inoc1_saisie_V2;Fichier total
Exp22DM08-Inoc1-T6-P88;3.0;1.0;5.0;0.0;;;c;2;Exp22DM08_inoc1_saisie_V2;Fichier total
